qubits,num_iters,num_states,fidelity
2,1,2,0.9999999999998201
3,1,2,0.3644026099030805
3,2,3,1.0000000000002847
4,1,2,0.0020175267007346885
4,2,3,0.06754137848627892
4,3,4,0.29008127768338376
4,4,5,0.8355718770015594
4,5,6,1.0000000000002922
5,1,2,0.13512031824932025
5,2,3,0.7664943892671411
5,3,4,0.22257498222865554
5,4,5,0.6847764019671582
5,5,6,0.643061086014859
5,6,7,0.8739111117460658
5,7,8,0.7945587730823958
5,8,9,0.999996951256414
6,1,2,0.04244884395139225
6,2,3,0.20950201290851514
6,3,4,0.32052941656920403
6,4,5,0.10268524535994683
6,5,6,0.34010244387475197
6,6,7,0.3314632109254809
6,7,8,0.7830019740533186
6,8,9,0.5987055912773968
6,9,10,0.5983561916264873
6,10,11,0.6548595485784166
6,11,12,0.6839283443116223
6,12,13,0.7446702449728769
6,13,14,0.71933803476799
6,14,15,0.947904646153297
6,15,16,0.8725383169213249
6,16,17,0.9333797707474538
6,17,18,0.9430964186038348
6,18,19,0.9998113324312136
7,1,2,0.4237452502408677
7,2,3,0.5068187757765453
7,3,4,0.2506666786250384
7,4,5,0.5913435882577088
7,5,6,0.04576827070128165
7,6,7,0.2890362588774002
7,7,8,0.7076247167133933
7,8,9,0.46218129610817926
7,9,10,0.5415352510099625
7,10,11,0.8275679539244635
7,11,12,0.5139059699094847
7,12,13,0.5700604571436736
7,13,14,0.7145945267072676
7,14,15,0.6171681679523155
7,15,16,0.6722265392540432
7,16,17,0.9490790176013406
7,17,18,0.8723841941543143
7,18,19,0.9446429247604712
7,19,20,0.9385557723905701
7,20,21,0.9038405821948738
7,21,22,0.9540661060665531
7,22,23,0.9215876196394868
7,23,24,0.9485324373069953
7,24,25,0.954620672263053
7,25,26,0.9762274351098181
7,26,27,0.9893555805574653
7,27,28,0.9844732515824101
7,28,29,0.9808058041210103
7,29,30,0.9841826057228652
7,30,31,0.9909328743550532
8,1,2,0.04803168606617787
8,2,3,0.07113732430033505
8,3,4,0.000932886794312598
8,4,5,0.0005973992966078251
8,5,6,0.2936712104140484
8,6,7,0.3265062060181501
8,7,8,0.13583227362565872
8,8,9,0.4178412867113899
8,9,10,0.21635796815616867
8,10,11,0.5735822995030032
8,11,12,0.5512031753687537
8,12,13,0.37239952411156063
8,13,14,0.40010384747839317
8,14,15,0.43930793537831764
8,15,16,0.38880997320976607
8,16,17,0.562163710279379
8,17,18,0.6042681549328296
8,18,19,0.530004542928495
8,19,20,0.678497254549679
8,20,21,0.6862107253060936
8,21,22,0.5797531969528777
8,22,23,0.6791897576472329
8,23,24,0.8235564508526718
8,24,25,0.6876589113169976
8,25,26,0.7842117579624774
8,26,27,0.8680302480020016
8,27,28,0.7577720156996799
8,28,29,0.7669095302116853
8,29,30,0.8420915089206445
8,30,31,0.7165234716365563
8,31,32,0.7930863534775408
8,32,33,0.8889353679317534
8,33,34,0.8710336971401813
8,34,35,0.8180029786333273
8,35,36,0.901273547143927
8,36,37,0.8823967552632078
8,37,38,0.7685648993543264
8,38,39,0.8970056821405636
8,39,40,0.8985585531037249
8,40,41,0.9000763512220914
8,41,42,0.8251840991501481
8,42,43,0.9101664346162978
8,43,44,0.8889470393798499
8,44,45,0.8973307643596024
8,45,46,0.8680199304926304
8,46,47,0.8537269557549437
8,47,48,0.9325689249361698
8,48,49,0.8319136304620072
8,49,50,0.9108865088792636
8,50,51,0.9245463076437046
8,51,52,0.9312991767662452
8,52,53,0.9587692468587884
8,53,54,0.964443958634907
8,54,55,0.9502867060270682
8,55,56,0.9662899007489925
8,56,57,0.9677943443133065
8,57,58,0.974255844169809
8,58,59,0.9773017877549579
8,59,60,0.9782813970369326
8,60,61,0.9907336108415886
9,1,2,0.12431693891686371
9,2,3,0.07882697881852005
9,3,4,0.5585825116885048
9,4,5,0.35768229730154977
9,5,6,0.11069618565157933
9,6,7,0.2569594025281254
9,7,8,0.13733887809508766
9,8,9,0.22860116886199555
9,9,10,0.4741016138524338
9,10,11,0.4008264346460321
9,11,12,0.40966081189821
9,12,13,0.4870413631418743
9,13,14,0.3586148326241246
9,14,15,0.4627553112389831
9,15,16,0.5441172255587772
9,16,17,0.43338845782600827
9,17,18,0.5418087012720711
9,18,19,0.541777474936831
9,19,20,0.41432890732750516
9,20,21,0.33537311206280035
9,21,22,0.48938101497154496
9,22,23,0.6795436471098559
9,23,24,0.5936244477021271
9,24,25,0.7959873785960554
9,25,26,0.7563688315512846
9,26,27,0.7779418211733827
9,27,28,0.6478579407358901
9,28,29,0.6867797679922916
9,29,30,0.7330003318197401
9,30,31,0.6546845345714746
9,31,32,0.7163341864943321
9,32,33,0.7437441910932372
9,33,34,0.8192070454504737
9,34,35,0.8020448413914354
9,35,36,0.6959690184829403
9,36,37,0.8360062617467717
9,37,38,0.8163618772951832
9,38,39,0.8009915300094377
9,39,40,0.753708305157638
9,40,41,0.8173554331263545
9,41,42,0.8800538814056311
9,42,43,0.8160847818431647
9,43,44,0.7410067280782068
9,44,45,0.8887799091514987
9,45,46,0.8345149245940745
9,46,47,0.8671855026525263
9,47,48,0.8514277683819911
9,48,49,0.8984510228954956
9,49,50,0.8819559689719155
9,50,51,0.8039614628528512
9,51,52,0.9295222473394142
9,52,53,0.9287042959051901
9,53,54,0.8592431357758804
9,54,55,0.9588967700175669
9,55,56,0.9397984664656256
9,56,57,0.9415849120473395
9,57,58,0.9277815113509987
9,58,59,0.9514225550645414
9,59,60,0.933475834722982
9,60,61,0.9407232314883909
9,61,62,0.9649519193806768
9,62,63,0.9576744265365843
9,63,64,0.9242064735011052
9,64,65,0.9709680244181749
9,65,66,0.9703983056558517
9,66,67,0.9549834797376076
9,67,68,0.9675330829261554
9,68,69,0.956870485836992
9,69,70,0.970219023469852
9,70,71,0.9602896803757883
9,71,72,0.9723397350923929
9,72,73,0.9636755561863867
9,73,74,0.9673194741016389
9,74,75,0.9705177045487905
9,75,76,0.967401391397083
9,76,77,0.9687679390019748
9,77,78,0.9631634570625079
9,78,79,0.9734538999284073
9,79,80,0.9692912894941824
9,80,81,0.9778259473053952
9,81,82,0.9721643990708966
9,82,83,0.9711833373130423
9,83,84,0.9771330459314193
9,84,85,0.9736203601307768
9,85,86,0.9754929025545981
9,86,87,0.9750933826741934
9,87,88,0.9806063028097204
9,88,89,0.9740313223694602
9,89,90,0.9758963448189102
9,90,91,0.9827059558433348
9,91,92,0.9749674625186869
9,92,93,0.9809914473866005
9,93,94,0.9816086160194181
9,94,95,0.9788399205475885
9,95,96,0.9844103293444946
9,96,97,0.9882966412461732
9,97,98,0.9826251256733377
9,98,99,0.9862815677766662
9,99,100,0.9895414906504509
9,100,101,0.9865500509076004
9,101,102,0.9874736327117182
9,102,103,0.9887379204917964
9,103,104,0.9863809985354209
9,104,105,0.9899800234410391
9,105,106,0.9846102319189508
9,106,107,0.990892392819419
10,1,2,0.3705994907017228
10,2,3,0.2749262864318629
10,3,4,0.27061071943693865
10,4,5,0.1405837970421449
10,5,6,0.27186055222828676
10,6,7,0.06388877525877418
10,7,8,0.14636454096863946
10,8,9,0.13606594992299903
10,9,10,0.10256745126053604
10,10,11,0.3527247390444834
10,11,12,0.05672101538554077
10,12,13,0.1789691591434902
10,13,14,0.5472192382931552
10,14,15,0.2967317790333984
10,15,16,0.41141037998009466
10,16,17,0.2963620202232977
10,17,18,0.29194545183467185
10,18,19,0.42992900931872935
10,19,20,0.3792688006421851
10,20,21,0.35485015724786667
10,21,22,0.3926517485154759
10,22,23,0.41229095010141653
10,23,24,0.48977929759846267
10,24,25,0.448249507311163
10,25,26,0.41990709283170136
10,26,27,0.3688391884340227
10,27,28,0.4032350226205185
10,28,29,0.43034196352208676
10,29,30,0.5523436000850003
10,30,31,0.421511774635676
10,31,32,0.3925999855716009
10,32,33,0.5758734498032951
10,33,34,0.5957583532660784
10,34,35,0.48791028238745987
10,35,36,0.46233990579769
10,36,37,0.4875322830737982
10,37,38,0.633244335228903
10,38,39,0.6641357455429375
10,39,40,0.6029728829245065
10,40,41,0.6565635267484202
10,41,42,0.6546055591603989
10,42,43,0.5096184600370024
10,43,44,0.5781672788309096
10,44,45,0.5994008803472157
10,45,46,0.6619330979784113
10,46,47,0.6175643173237937
10,47,48,0.6859139687375276
10,48,49,0.7132406615365308
10,49,50,0.6180414508569775
10,50,51,0.6229795594077359
10,51,52,0.6141302378399703
10,52,53,0.6562150082561937
10,53,54,0.5962799977174027
10,54,55,0.6181254059399656
10,55,56,0.6187610598019502
10,56,57,0.6709182689315357
10,57,58,0.7111590732685688
10,58,59,0.6493403891426671
10,59,60,0.701810892014708
10,60,61,0.6277474939747207
10,61,62,0.6575754699170528
10,62,63,0.7910755867877939
10,63,64,0.7950794373221738
10,64,65,0.7728650884069016
10,65,66,0.8103180316566064
10,66,67,0.7415047189918109
10,67,68,0.8141480675556494
10,68,69,0.8403408571724599
10,69,70,0.7348801719286249
10,70,71,0.7603194964972353
10,71,72,0.7774797908965027
10,72,73,0.8454605028219813
10,73,74,0.841458473118905
10,74,75,0.7959836811341737
10,75,76,0.8998138043444505
10,76,77,0.7925070643216731
10,77,78,0.8936594654656287
10,78,79,0.8493955700413971
10,79,80,0.8753748527690142
10,80,81,0.8388582571921652
10,81,82,0.7808001932984271
10,82,83,0.8920669057427824
10,83,84,0.8731235837875219
10,84,85,0.9077874633767132
10,85,86,0.8616726249145662
10,86,87,0.8845696215938091
10,87,88,0.8920835986707989
10,88,89,0.8766994662911575
10,89,90,0.9187809199447794
10,90,91,0.8781280705088311
10,91,92,0.8843894609521072
10,92,93,0.9005772300351476
10,93,94,0.9104659715473251
10,94,95,0.9128256029982086
10,95,96,0.8706262209687352
10,96,97,0.904511491266191
10,97,98,0.942980388623732
10,98,99,0.9089911438467677
10,99,100,0.9298920856555992
10,100,101,0.8930274319531206
10,101,102,0.9235744519805447
10,102,103,0.9078792365135012
10,103,104,0.9340766835332964
10,104,105,0.9275679174342452
10,105,106,0.9311579227688322
10,106,107,0.9236666874298615
10,107,108,0.9310181526998904
10,108,109,0.9250973629993332
10,109,110,0.9397668869989964
10,110,111,0.9440042331065064
10,111,112,0.9172020192746406
10,112,113,0.9315990065878837
10,113,114,0.929058877625655
10,114,115,0.9511950200033872
10,115,116,0.9248790965095933
10,116,117,0.9258626478124745
10,117,118,0.9476987359451194
10,118,119,0.9076586191001776
10,119,120,0.9486180802698276
10,120,121,0.9521879321642004
10,121,122,0.923373889357363
10,122,123,0.9512149226450733
10,123,124,0.955935353416611
10,124,125,0.9484802057620179
10,125,126,0.9447666545867858
10,126,127,0.968265296694081
10,127,128,0.9458088660050654
10,128,129,0.9440489402694422
10,129,130,0.9591590637608918
10,130,131,0.9608039966000668
10,131,132,0.9561057175469472
10,132,133,0.945063795556335
10,133,134,0.9572506206214257
10,134,135,0.9569638016526769
10,135,136,0.9706289806072631
10,136,137,0.9550339482222963
10,137,138,0.9734000546544999
10,138,139,0.9605198874365306
10,139,140,0.9609073689298613
10,140,141,0.9698574277291963
10,141,142,0.967469418267849
10,142,143,0.9643527939768011
10,143,144,0.9683881930101004
10,144,145,0.972168936348462
10,145,146,0.9626409546581628
10,146,147,0.9702600000719432
10,147,148,0.9801714517262564
10,148,149,0.9623293772137974
10,149,150,0.9765451746771276
10,150,151,0.9781432492214722
10,151,152,0.9709358018327796
10,152,153,0.9802161103177992
10,153,154,0.9795770029401316
10,154,155,0.9774437918913831
10,155,156,0.984007656185189
10,156,157,0.9694031559224195
10,157,158,0.9892630185289933
10,158,159,0.9778192840616583
10,159,160,0.9885927166786566
10,160,161,0.9871473904683714
10,161,162,0.986046737924319
10,162,163,0.9896761214462693
10,163,164,0.9875175305194664
10,164,165,0.988803413467994
10,165,166,0.9853481873494734
10,166,167,0.9788271718225796
10,167,168,0.9837603562065531
10,168,169,0.9828834815057665
10,169,170,0.9802424955978849
10,170,171,0.9840711725402902
10,171,172,0.9831021864986111
10,172,173,0.9925511058804573
11,1,2,0.1593596132852821
11,2,3,0.4964777894697067
11,3,4,0.08198181854726638
11,4,5,0.3768979624480101
11,5,6,0.11417526066646591
11,6,7,0.1268370618752447
11,7,8,0.41312450059694816
11,8,9,0.045095435587561974
11,9,10,0.0683526494828237
11,10,11,0.20226900893562605
11,11,12,0.13482211730979077
11,12,13,0.3408754381531259
11,13,14,0.18865274516671585
11,14,15,0.17032643248611745
11,15,16,0.28142690873303955
11,16,17,0.2781793702725671
11,17,18,0.32743082672749596
11,18,19,0.48183667782639195
11,19,20,0.5512764321864821
11,20,21,0.2184283939872345
11,21,22,0.19434384221382528
11,22,23,0.35259636389780485
11,23,24,0.48990702724906754
11,24,25,0.3583402453506478
11,25,26,0.33234312736207144
11,26,27,0.4426028768823509
11,27,28,0.42190545562543663
11,28,29,0.28396771381844527
11,29,30,0.38704303037551957
11,30,31,0.4138544319724647
11,31,32,0.42990271524956597
11,32,33,0.5425314912578876
11,33,34,0.736421538703136
11,34,35,0.6452055445838724
11,35,36,0.4864775631737478
11,36,37,0.5478741128601151
11,37,38,0.6889122049378756
11,38,39,0.6519613977257855
11,39,40,0.693862233899599
11,40,41,0.5529526070864393
11,41,42,0.5792059971279859
11,42,43,0.6263419430360967
11,43,44,0.7201182842480179
11,44,45,0.7130854303080311
11,45,46,0.5231597676306333
11,46,47,0.71774145550292
11,47,48,0.7455848920987075
11,48,49,0.7576529399687484
11,49,50,0.5860242761583192
11,50,51,0.7418113025296751
11,51,52,0.8087218882392152
11,52,53,0.7455006126407364
11,53,54,0.7259530083848126
11,54,55,0.832122746099251
11,55,56,0.7524604657126661
11,56,57,0.747092937185056
11,57,58,0.8229912572576287
11,58,59,0.7855321835012138
11,59,60,0.8017794339329971
11,60,61,0.7934929559876086
11,61,62,0.8201727443457897
11,62,63,0.850536495373189
11,63,64,0.7641147556209873
11,64,65,0.8189800081521118
11,65,66,0.8247211228487946
11,66,67,0.8418866169963335
11,67,68,0.8156296739942737
11,68,69,0.8356800080919868
11,69,70,0.8260702711991121
11,70,71,0.8126127443898634
11,71,72,0.8716965881269153
11,72,73,0.8310518329757408
11,73,74,0.8576888580152542
11,74,75,0.8264037862976333
11,75,76,0.8741867413036448
11,76,77,0.8490853458621939
11,77,78,0.8489214637102085
11,78,79,0.8634765889754589
11,79,80,0.8471067244900684
11,80,81,0.871027438395192
11,81,82,0.8010869635718494
11,82,83,0.861555314693475
11,83,84,0.8864954872039414
11,84,85,0.8532678245108473
11,85,86,0.8686673570898298
11,86,87,0.8820307114677295
11,87,88,0.8576107223861822
11,88,89,0.8809691104235035
11,89,90,0.8861498577202302
11,90,91,0.8524615808538818
11,91,92,0.8989770702599675
11,92,93,0.8683465867460337
11,93,94,0.8437815043240348
11,94,95,0.8867242186972076
11,95,96,0.8857769900845736
11,96,97,0.9012074210803606
11,97,98,0.9003435912216277
11,98,99,0.8748260500449873
11,99,100,0.8985104242710245
11,100,101,0.8816423816664429
11,101,102,0.9032244031949367
11,102,103,0.901136684318433
11,103,104,0.8816665046636188
11,104,105,0.8954483067302196
11,105,106,0.9063339475886516
11,106,107,0.9059687606872789
11,107,108,0.86729513661399
11,108,109,0.9101245255336652
11,109,110,0.8687953270194673
11,110,111,0.8935850876727679
11,111,112,0.9202319199563826
11,112,113,0.9098530814933729
11,113,114,0.9062697157756604
11,114,115,0.9029779943820446
11,115,116,0.9044026647766267
11,116,117,0.9002461289708386
11,117,118,0.9153843420543576
11,118,119,0.8966154626777766
11,119,120,0.909604913490385
11,120,121,0.9054590822230218
11,121,122,0.8914612470936725
11,122,123,0.916736322723753
11,123,124,0.896676831330531
11,124,125,0.9145979444385373
11,125,126,0.9339089538576223
11,126,127,0.913673698862358
11,127,128,0.913382337219434
11,128,129,0.9032178659862988
11,129,130,0.9274109516141555
11,130,131,0.9066396906580673
11,131,132,0.9063617538258191
11,132,133,0.9396227269362285
11,133,134,0.9212222557076037
11,134,135,0.9255427620372918
11,135,136,0.9175078269374152
11,136,137,0.949387959794127
11,137,138,0.8917113031494198
11,138,139,0.9414963116434409
11,139,140,0.9395724772663266
11,140,141,0.9098144663154358
11,141,142,0.9414004789787906
11,142,143,0.9423555742738315
11,143,144,0.9431457957005321
11,144,145,0.9413634713759426
11,145,146,0.9458737488921495
11,146,147,0.9356264789066493
11,147,148,0.9457943621110352
11,148,149,0.9353916281680861
11,149,150,0.930191922768761
11,150,151,0.9524530964595042
11,151,152,0.9501868056140795
11,152,153,0.9342487480427452
11,153,154,0.9569001598542951
11,154,155,0.9519481143208016
11,155,156,0.942789266974152
11,156,157,0.9523237886220196
11,157,158,0.9570629743007135
11,158,159,0.944636729038264
11,159,160,0.9523800249058731
11,160,161,0.9574520703330713
11,161,162,0.949654472309536
11,162,163,0.9598848076982134
11,163,164,0.9565561063432753
11,164,165,0.9586028788631414
11,165,166,0.9626882238365891
11,166,167,0.9536186459847352
11,167,168,0.9626352262125982
11,168,169,0.9510215339228866
11,169,170,0.9624803024103918
11,170,171,0.9576094087319145
11,171,172,0.9580047799067448
11,172,173,0.9617846859267916
11,173,174,0.9576406399579086
11,174,175,0.9654943870873214
11,175,176,0.9613400492443408
11,176,177,0.95700947047911
11,177,178,0.9689188138690672
11,178,179,0.960510603230163
11,179,180,0.9643444196972178
11,180,181,0.9690143648846735
11,181,182,0.9582531114680715
11,182,183,0.971752871408628
11,183,184,0.9605297075333897
11,184,185,0.9746064696257751
11,185,186,0.9641838310431996
11,186,187,0.972721402551216
11,187,188,0.9687673539410142
11,188,189,0.9729694424004607
11,189,190,0.9707280976545084
11,190,191,0.974563450113996
11,191,192,0.9716892547159677
11,192,193,0.9730382064674984
11,193,194,0.9703713120699888
11,194,195,0.9671660264387698
11,195,196,0.9766084048340524
11,196,197,0.9720809725665108
11,197,198,0.9746159419684153
11,198,199,0.972050422214238
11,199,200,0.9721127827680802
11,200,201,0.9692077411088271
11,201,202,0.969012395565878
11,202,203,0.9740199474239708
11,203,204,0.9708786589190027
11,204,205,0.9716766563014478
11,205,206,0.9716400536502536
11,206,207,0.971726173399633
11,207,208,0.9762091658964337
11,208,209,0.9787977270617155
11,209,210,0.9707916936027349
11,210,211,0.9795033995231873
11,211,212,0.976581523734585
11,212,213,0.9712114477676326
11,213,214,0.9797493913188788
11,214,215,0.9697491190705081
11,215,216,0.9785259128996813
11,216,217,0.9753384239426682
11,217,218,0.975351843478821
11,218,219,0.9830633404627738
11,219,220,0.9725743559679209
11,220,221,0.9802937712309538
11,221,222,0.9823589914270927
11,222,223,0.9782883344861114
11,223,224,0.9830359905717859
11,224,225,0.9767237859120569
11,225,226,0.9828519281052511
11,226,227,0.9825344938229458
11,227,228,0.9789524255642119
11,228,229,0.9835954233211032
11,229,230,0.9809301592520527
11,230,231,0.9822551374518264
11,231,232,0.9834650806481746
11,232,233,0.9807792422095808
11,233,234,0.9846439856639913
11,234,235,0.9829411248930069
11,235,236,0.9843517367534803
11,236,237,0.9848571313130178
11,237,238,0.9849551751159663
11,238,239,0.9862086603301611
11,239,240,0.9846422465237601
11,240,241,0.9880583614143911
11,241,242,0.9871888249664824
11,242,243,0.9879705342043019
11,243,244,0.9896503744550236
11,244,245,0.9874670851826625
11,245,246,0.9886085054340439
11,246,247,0.9875470123084754
11,247,248,0.9892271906208424
11,248,249,0.9878368947508855
11,249,250,0.9884655454456148
11,250,251,0.9895795962310786
11,251,252,0.9883679216103293
11,252,253,0.9891415637207619
11,253,254,0.9896588538302283
11,254,255,0.9889341217448941
11,255,256,0.9905026644898007