qubits,num_iters,num_states,fidelity
2,1,2,0.9999999999999836
3,1,2,0.9999999999999898
4,1,2,0.4495116860272661
4,2,3,0.18903994217146175
4,3,4,0.8031802730958794
4,4,5,1.0000000000000115
5,1,2,0.37475495688166205
5,2,3,0.07963095854533359
5,3,4,0.7837755098091794
5,4,5,0.7662362991817907
5,5,6,1.0000000000000817
6,1,2,0.3343831411921785
6,2,3,0.048647749570153054
6,3,4,0.2120497506056135
6,4,5,0.19328021257262745
6,5,6,0.25790468940199496
6,6,7,0.7203500394312885
6,7,8,0.21373685423143254
6,8,9,0.1676697968684808
6,9,10,0.7669169401694533
6,10,11,0.703362381828088
6,11,12,0.8587115033525154
6,12,13,0.9986754788082615
7,1,2,0.14107808771140248
7,2,3,0.045337598539015526
7,3,4,0.25855986815428944
7,4,5,0.13889577584338275
7,5,6,0.5816516858215378
7,6,7,0.5234812444775985
7,7,8,0.4177836571330124
7,8,9,0.5080031468518696
7,9,10,0.3056468730476355
7,10,11,0.5090273779381401
7,11,12,0.36876000691834837
7,12,13,0.3889596061018186
7,13,14,0.8908636340864153
7,14,15,0.8715536077437966
7,15,16,0.9998579539258006
8,1,2,0.032621835770258
8,2,3,0.04929436540355512
8,3,4,0.025633312438829395
8,4,5,0.07509857814225246
8,5,6,0.004723022027338756
8,6,7,0.10847649716684901
8,7,8,0.035162951880022976
8,8,9,0.34630939975934455
8,9,10,0.45908168668833854
8,10,11,0.2109633717522985
8,11,12,0.034951113550164475
8,12,13,0.25818259143781297
8,13,14,0.4151533915191336
8,14,15,0.4734993586158267
8,15,16,0.45989643161021593
8,16,17,0.4177728352104136
8,17,18,0.475734765479255
8,18,19,0.487517421022587
8,19,20,0.5063292738788425
8,20,21,0.8149271857945463
8,21,22,0.33855744024289597
8,22,23,0.7500623384360623
8,23,24,0.7143560262375256
8,24,25,0.7555549858816772
8,25,26,0.7639249465970915
8,26,27,0.8691758452547553
8,27,28,0.963317776350763
8,28,29,0.9414805107741823
8,29,30,0.9756969518594727
8,30,31,0.8291705982712273
8,31,32,0.9767993267475548
8,32,33,0.9209715211891252
8,33,34,0.9896782577046546
8,34,35,0.9924061004438876
9,1,2,0.03843522963132764
9,2,3,0.0914692146089766
9,3,4,0.01915784295922647
9,4,5,0.18156724919401276
9,5,6,0.024816895044722696
9,6,7,0.10040244499205088
9,7,8,0.1540065513885696
9,8,9,0.20671221432199882
9,9,10,0.09266255701552283
9,10,11,0.13548458822757153
9,11,12,0.30524680359004785
9,12,13,0.29038137385335133
9,13,14,0.27217583592472533
9,14,15,0.14971546383532977
9,15,16,0.3273415361576695
9,16,17,0.35145438828543896
9,17,18,0.030679410355677714
9,18,19,0.3072600852445751
9,19,20,0.6007177110692716
9,20,21,0.5841729133329114
9,21,22,0.594013786834325
9,22,23,0.7295437708019435
9,23,24,0.4277109073502131
9,24,25,0.7074631991055741
9,25,26,0.5255755707995273
9,26,27,0.7317658683979051
9,27,28,0.5145843356394783
9,28,29,0.6956238466948812
9,29,30,0.5849347467545367
9,30,31,0.7191349894342527
9,31,32,0.6698507403063804
9,32,33,0.8347658894064381
9,33,34,0.6803512108090154
9,34,35,0.8930589970242102
9,35,36,0.695496244555966
9,36,37,0.9161373817837298
9,37,38,0.823308552395696
9,38,39,0.8834662690068125
9,39,40,0.8818981273023699
9,40,41,0.8504023958784512
9,41,42,0.9319988832346681
9,42,43,0.8878954690005262
9,43,44,0.9320921626984705
9,44,45,0.899671048207188
9,45,46,0.9625740652846914
9,46,47,0.9405290077115313
9,47,48,0.9750096439840384
9,48,49,0.9640812880347903
9,49,50,0.9859594966250147
9,50,51,0.9885820647962363
9,51,52,0.9838637023930323
9,52,53,0.996003218588425
10,1,2,0.05112374467376678
10,2,3,0.03477433859979707
10,3,4,0.09066611016272581
10,4,5,0.1504367262940371
10,5,6,0.031088110142010277
10,6,7,0.00672774512549319
10,7,8,0.13388630085937817
10,8,9,0.07419207729177572
10,9,10,0.0758778498964249
10,10,11,0.06414729156171498
10,11,12,0.011730040046713113
10,12,13,0.25401898651126736
10,13,14,0.1576053330200404
10,14,15,0.0034805655035557172
10,15,16,0.007389921305701276
10,16,17,0.19422702028928635
10,17,18,0.12343135592127503
10,18,19,0.20613479942938823
10,19,20,0.31061446124932995
10,20,21,0.07231028414344554
10,21,22,0.1434179920945409
10,22,23,0.3651298506945239
10,23,24,0.2142184209072592
10,24,25,0.23086309067023503
10,25,26,0.20199255529265003
10,26,27,0.16888635892005793
10,27,28,0.47659887910487714
10,28,29,0.2900127753918855
10,29,30,0.2809567011094411
10,30,31,0.32644236651755765
10,31,32,0.43889875125812033
10,32,33,0.26128702259962044
10,33,34,0.45192221921883485
10,34,35,0.40851146501055163
10,35,36,0.22833434484982712
10,36,37,0.46037454293845215
10,37,38,0.36604541168100296
10,38,39,0.30885616814485073
10,39,40,0.5814807185373111
10,40,41,0.5619779447039716
10,41,42,0.4594187707857587
10,42,43,0.4695128428022398
10,43,44,0.5644719276755077
10,44,45,0.3705315779605758
10,45,46,0.556787313623442
10,46,47,0.5124705151486366
10,47,48,0.5535302125867974
10,48,49,0.43502413533088446
10,49,50,0.6135619253921787
10,50,51,0.5494601254776476
10,51,52,0.46816807799057225
10,52,53,0.5531566323239093
10,53,54,0.6764327518000574
10,54,55,0.5592660599439346
10,55,56,0.6888697621376105
10,56,57,0.611198696799745
10,57,58,0.604733627542177
10,58,59,0.6262812087560041
10,59,60,0.7878205824526755
10,60,61,0.7855437076686054
10,61,62,0.826918342104716
10,62,63,0.7776764197486296
10,63,64,0.7866370800720143
10,64,65,0.7876349006292452
10,65,66,0.7836035002106455
10,66,67,0.8467829360400967
10,67,68,0.7416598713546472
10,68,69,0.8473415479517398
10,69,70,0.8101488023379598
10,70,71,0.8911367976028847
10,71,72,0.894629072767062
10,72,73,0.8267384759933445
10,73,74,0.8965830373927823
10,74,75,0.8394751191648024
10,75,76,0.9203662079311589
10,76,77,0.8992770940958394
10,77,78,0.9089244210687455
10,78,79,0.9389676036694301
10,79,80,0.905680702344277
10,80,81,0.9553011165079957
10,81,82,0.9324478207994525
10,82,83,0.9534107544039533
10,83,84,0.9365222355119966
10,84,85,0.9549559972190572
10,85,86,0.9527061766781368
10,86,87,0.9620077927369599
10,87,88,0.9760596717183352
10,88,89,0.9805022832331474
10,89,90,0.9926480209663675
11,1,2,0.0439547871116356
11,2,3,0.02217335487508699
11,3,4,0.003048538382270717
11,4,5,0.09173689653120809
11,5,6,0.20760063074364501
11,6,7,0.00013160471943034351
11,7,8,0.1450666677488517
11,8,9,0.055340681642771825
11,9,10,0.1978043496846188
11,10,11,0.011642882827618871
11,11,12,0.32171663885149226
11,12,13,0.049379403124675626
11,13,14,0.0013265321240620656
11,14,15,0.18795635213906797
11,15,16,0.19578751799807295
11,16,17,0.01178650946175973
11,17,18,0.10925617612064578
11,18,19,0.058614864518120556
11,19,20,0.1165419827541947
11,20,21,0.3127308135435789
11,21,22,0.1969561580364961
11,22,23,0.2330834819677489
11,23,24,0.1085669772387142
11,24,25,0.10517909653875507
11,25,26,0.25346618186631636
11,26,27,0.3164849698556985
11,27,28,0.32859981598331467
11,28,29,0.274121104255295
11,29,30,0.3340009235362668
11,30,31,0.22436467080366437
11,31,32,0.19652283470059329
11,32,33,0.4598224907071627
11,33,34,0.34677659943733846
11,34,35,0.36030296052615374
11,35,36,0.3607451018484672
11,36,37,0.26716612446525767
11,37,38,0.47843240847032753
11,38,39,0.39525752615775167
11,39,40,0.32674851658474424
11,40,41,0.4172495858567012
11,41,42,0.3635560195684765
11,42,43,0.40450118960532716
11,43,44,0.39608051751580997
11,44,45,0.4585242546273602
11,45,46,0.36828936449220134
11,46,47,0.3065388628814576
11,47,48,0.4980229673548709
11,48,49,0.552248583186565
11,49,50,0.44317036997190357
11,50,51,0.5157553366203819
11,51,52,0.42098584805389827
11,52,53,0.5911337216355057
11,53,54,0.473270451392186
11,54,55,0.5239559622260528
11,55,56,0.6779102467007543
11,56,57,0.6318729053410046
11,57,58,0.7035444799627736
11,58,59,0.5701818300745112
11,59,60,0.6687582450045908
11,60,61,0.638921279088907
11,61,62,0.6556000292009889
11,62,63,0.6122710269230236
11,63,64,0.6403678239298594
11,64,65,0.6553287655585985
11,65,66,0.6711199371767289
11,66,67,0.6113332176919778
11,67,68,0.7897690471832859
11,68,69,0.7762303062457138
11,69,70,0.5733052167376984
11,70,71,0.8030759780632973
11,71,72,0.7428506820999927
11,72,73,0.6997833183683563
11,73,74,0.8463472931211311
11,74,75,0.72586071697821
11,75,76,0.8465997977971503
11,76,77,0.8124209511212507
11,77,78,0.7595623708158897
11,78,79,0.7833019084509387
11,79,80,0.865028597614825
11,80,81,0.7951863415861098
11,81,82,0.849985698021412
11,82,83,0.7882522435253941
11,83,84,0.8508914582892568
11,84,85,0.804162749686495
11,85,86,0.832417994649546
11,86,87,0.8554710567691409
11,87,88,0.8713063323997041
11,88,89,0.8244072954533235
11,89,90,0.8885943322547925
11,90,91,0.8209566785328622
11,91,92,0.8842086632844122
11,92,93,0.865329338327128
11,93,94,0.8711172407461968
11,94,95,0.8878449982661497
11,95,96,0.8739692640603046
11,96,97,0.9140530911338862
11,97,98,0.8655483493446604
11,98,99,0.9195470820060067
11,99,100,0.9053121284926565
11,100,101,0.9242045368280397
11,101,102,0.9478391875712919
11,102,103,0.9445850180366875
11,103,104,0.9679912336549069
11,104,105,0.9746222401358529
11,105,106,0.985024865969622
11,106,107,0.989460635991171
11,107,108,0.9962090206157697
12,1,2,0.03778510822738805
12,2,3,0.05198130106260282
12,3,4,0.0037956852759322146
12,4,5,0.008092068774487328
12,5,6,0.022492157206775467
12,6,7,0.01842089322647004
12,7,8,0.027035148740990143
12,8,9,0.009246191435471443
12,9,10,0.13590415376185316
12,10,11,0.02431496460611424
12,11,12,0.010285912190144044
12,12,13,0.14692908032633495
12,13,14,0.04805908681221032
12,14,15,0.04212413335603087
12,15,16,0.08805179184533785
12,16,17,0.12139934590031828
12,17,18,0.020354625776786005
12,18,19,0.06783109389945884
12,19,20,0.04330351496025678
12,20,21,0.07829862795656127
12,21,22,0.06552977999869188
12,22,23,0.23314544414317515
12,23,24,0.16433649428269512
12,24,25,0.12147688248885177
12,25,26,0.05057063367693007
12,26,27,0.051094152852193965
12,27,28,0.21202233098424766
12,28,29,0.08497650802354156
12,29,30,0.08952938378088479
12,30,31,0.13505308867499993
12,31,32,0.07338875701777084
12,32,33,0.09990050733416225
12,33,34,0.18760645242257237
12,34,35,0.20716004635596053
12,35,36,0.12408640372161925
12,36,37,0.07592308420480018
12,37,38,0.22677070399111293
12,38,39,0.14651935597472004
12,39,40,0.21193002565179658
12,40,41,0.15641862584599003
12,41,42,0.1426985756415165
12,42,43,0.1834468347194951
12,43,44,0.1488690535338398
12,44,45,0.20222505872222843
12,45,46,0.24769202433063298
12,46,47,0.1358075520265044
12,47,48,0.11171861630706709
12,48,49,0.20763966792155955
12,49,50,0.3333775044293416
12,50,51,0.4504485212172702
12,51,52,0.3956367038415204
12,52,53,0.1897496165765113
12,53,54,0.42793111164497494
12,54,55,0.34556785495038833
12,55,56,0.46062409101474766
12,56,57,0.2955720229237247
12,57,58,0.463781371568413
12,58,59,0.42792349522312395
12,59,60,0.39105622448598043
12,60,61,0.35041220249789756
12,61,62,0.4529976431092362
12,62,63,0.4421810739251705
12,63,64,0.44398606256936113
12,64,65,0.35581682246456814
12,65,66,0.40603027204870645
12,66,67,0.5309894297479738
12,67,68,0.36249487635275457
12,68,69,0.5470938413622701
12,69,70,0.34936657385612185
12,70,71,0.5051559140852853
12,71,72,0.4744047487872788
12,72,73,0.426870329506582
12,73,74,0.4468210266698119
12,74,75,0.4448014017424749
12,75,76,0.5591645931098156
12,76,77,0.5626291330792041
12,77,78,0.4455887774668311
12,78,79,0.5400674527763288
12,79,80,0.5080883042582588
12,80,81,0.6068585835727882
12,81,82,0.4850356196643474
12,82,83,0.5845720884593529
12,83,84,0.48447667542060013
12,84,85,0.5544465518973768
12,85,86,0.5857091253450896
12,86,87,0.5556246250881218
12,87,88,0.5613159238392297
12,88,89,0.649754302128295
12,89,90,0.49860105288635365
12,90,91,0.6545542956035596
12,91,92,0.6700310743690594
12,92,93,0.5765208136092365
12,93,94,0.6914650619134454
12,94,95,0.6179387767248689
12,95,96,0.6653485908411939
12,96,97,0.6403065439155758
12,97,98,0.6735410484334388
12,98,99,0.6435196871807755
12,99,100,0.6646649613645397
12,100,101,0.6927503110485147
12,101,102,0.6479217673913795
12,102,103,0.7153962900412326
12,103,104,0.623074880858355
12,104,105,0.7056409952706157
12,105,106,0.7034993486622048
12,106,107,0.6985423441150003
12,107,108,0.7158031394784099
12,108,109,0.6698432277849772
12,109,110,0.7306720052458119
12,110,111,0.7038822985715546
12,111,112,0.7422988448526971
12,112,113,0.7546486607613186
12,113,114,0.7743152234009485
12,114,115,0.7768759836316086
12,115,116,0.7805171244482503
12,116,117,0.7821754817645264
12,117,118,0.7845056687568998
12,118,119,0.7971738448793471
12,119,120,0.8496585345241376
12,120,121,0.8476704097256227
12,121,122,0.8927418579216615
12,122,123,0.9200374805336707
12,123,124,0.9317549772732584
12,124,125,0.95769728910824
12,125,126,0.9718512593902187
12,126,127,0.9838869431523145
12,127,128,0.9928185581511093
13,1,2,0.08407573326724976
13,2,3,0.012202091484446348
13,3,4,0.0010677609778949899
13,4,5,0.012836772442605936
13,5,6,0.11176916372894165
13,6,7,0.014841299521101603
13,7,8,0.09121135919979621
13,8,9,0.005651464334156339
13,9,10,0.12960092886137065
13,10,11,0.03741757211351564
13,11,12,0.06032750487469441
13,12,13,0.01079942479245969
13,13,14,0.10974609390051794
13,14,15,0.051781079492838514
13,15,16,0.12269753168079886
13,16,17,0.008395784223237071
13,17,18,0.07883733184153402
13,18,19,0.126354020107763
13,19,20,0.030216190363905826
13,20,21,0.05515288344345481
13,21,22,0.028085696219461317
13,22,23,0.013382370956390428
13,23,24,0.06018473086356777
13,24,25,0.21653140504802948
13,25,26,0.09725616337068294
13,26,27,0.1878262557491628
13,27,28,0.21185359336884188
13,28,29,0.054243385206877937
13,29,30,0.06198968911844358
13,30,31,0.2051231083603825
13,31,32,0.1920008962985691
13,32,33,0.10920208395638041
13,33,34,0.20816103992815554
13,34,35,0.19413106678225078
13,35,36,0.19780700027513815
13,36,37,0.21289372343104743
13,37,38,0.1635851280758981
13,38,39,0.11558442257790001
13,39,40,0.2789459638684427
13,40,41,0.18977832485834817
13,41,42,0.09685251464702213
13,42,43,0.20377683994646906
13,43,44,0.22523208919635837
13,44,45,0.1406494545289815
13,45,46,0.24187566622605713
13,46,47,0.19491595201560716
13,47,48,0.11232172982945021
13,48,49,0.23552739990996965
13,49,50,0.2699529444114091
13,50,51,0.12206152527201491
13,51,52,0.28829577108740945
13,52,53,0.2637757607537973
13,53,54,0.1900874142826996
13,54,55,0.2616779963228725
13,55,56,0.25616022890148615
13,56,57,0.23526747159138803
13,57,58,0.18742991354751454
13,58,59,0.3299748638821979
13,59,60,0.27201623303082284
13,60,61,0.1813690176588696
13,61,62,0.257051187272139
13,62,63,0.41301018206798507
13,63,64,0.1772888638412113
13,64,65,0.3917992907355472
13,65,66,0.3460543129680487
13,66,67,0.2765871673035835
13,67,68,0.29667559217318695
13,68,69,0.285670109628945
13,69,70,0.34374829541762725
13,70,71,0.3962031057396219
13,71,72,0.22905076134038185
13,72,73,0.38666641390369616
13,73,74,0.2638784983783229
13,74,75,0.404723591011256
13,75,76,0.3560746303109285
13,76,77,0.3983167984650524
13,77,78,0.33447901969402055
13,78,79,0.41234940561960537
13,79,80,0.3788015982010019
13,80,81,0.3402329104603527
13,81,82,0.4567930672144471
13,82,83,0.386694440434725
13,83,84,0.2955580449494485
13,84,85,0.4597552788105231
13,85,86,0.4691604918438089
13,86,87,0.5644233530722067
13,87,88,0.43461553816786275
13,88,89,0.5237255577564159
13,89,90,0.4822030324172661
13,90,91,0.4037335117989934
13,91,92,0.49095308920684366
13,92,93,0.4943637877986192
13,93,94,0.5532918129045487
13,94,95,0.41824995878442656
13,95,96,0.5388378201340073
13,96,97,0.4634458806335302
13,97,98,0.5700057031267518
13,98,99,0.4305610343004849
13,99,100,0.579743941041866
13,100,101,0.5078883486005576
13,101,102,0.5065058027030223
13,102,103,0.4997359605479878
13,103,104,0.5787065727568531
13,104,105,0.4771520037636244
13,105,106,0.5679511974852336
13,106,107,0.6002816864716842
13,107,108,0.5006130769972104
13,108,109,0.5722639991936898
13,109,110,0.6336643465578171
13,110,111,0.5384573696040823
13,111,112,0.5805618325593361
13,112,113,0.6902010427929892
13,113,114,0.5202864779502608
13,114,115,0.6476197294331286
13,115,116,0.6674843335734931
13,116,117,0.5693554855959638
13,117,118,0.6966050983384492
13,118,119,0.6085247139793475
13,119,120,0.687930992896635
13,120,121,0.6612556487068458
13,121,122,0.6514596991966964
13,122,123,0.7026331267893994
13,123,124,0.6549149871078123
13,124,125,0.7096906362312981
13,125,126,0.6921970308119656
13,126,127,0.7112318246477072
13,127,128,0.7351460041394259
13,128,129,0.719126297489051
13,129,130,0.7652842789232126
13,130,131,0.7283738197067093
13,131,132,0.7805426884032058
13,132,133,0.766976260819246
13,133,134,0.8141957494140525
13,134,135,0.8279792604519748
13,135,136,0.8810614074719384
13,136,137,0.8885716883187053
13,137,138,0.9238457082288626
13,138,139,0.9527106785993837
13,139,140,0.9683251128324332
13,140,141,0.9802754447835625
13,141,142,0.9887481011429377
13,142,143,0.9933666481204247
14,1,2,0.007109854492062649
14,2,3,0.0013004642405366157
14,3,4,0.0033817796290842566
14,4,5,0.009855184995557013
14,5,6,0.011504659189524763
14,6,7,0.030651544736347514
14,7,8,0.022229374978336797
14,8,9,0.01000206443238759
14,9,10,0.013730630737296268
14,10,11,0.015598844174499296
14,11,12,0.03307346791026022
14,12,13,0.0039743902432384905
14,13,14,0.005706000515974459
14,14,15,0.03295797083158881
14,15,16,0.048778917148861206
14,16,17,0.007498945499071503
14,17,18,0.03404220066349886
14,18,19,0.02159493568314365
14,19,20,0.027715423855523513
14,20,21,0.006863297723113282
14,21,22,0.007064489373216569
14,22,23,0.00603031141791453
14,23,24,0.012359700563127976
14,24,25,0.04114089067422686
14,25,26,0.05113536603127106
14,26,27,0.061905033718804
14,27,28,0.04542553168196297
14,28,29,0.12071565736417578
14,29,30,0.04220625093349597
14,30,31,0.05378863467840333
14,31,32,0.013391066910848175
14,32,33,0.0907726814906224
14,33,34,0.08045876323295731
14,34,35,0.0419874711503622
14,35,36,0.061206649093949524
14,36,37,0.09260663411122094
14,37,38,0.02306560179609891
14,38,39,0.061432618853549344
14,39,40,0.10519772187933013
14,40,41,0.08105588685968408
14,41,42,0.10444896395859746
14,42,43,0.08028552238712076
14,43,44,0.04798045914090869
14,44,45,0.09527274475565098
14,45,46,0.06681393329002851
14,46,47,0.07482520810360012
14,47,48,0.11810382527667496
14,48,49,0.10713864555779375
14,49,50,0.08620011121033282
14,50,51,0.11151265656977964
14,51,52,0.10692391649128226
14,52,53,0.0808925866420739
14,53,54,0.15271367109031167
14,54,55,0.17450609815496937
14,55,56,0.12610667211071214
14,56,57,0.06279419160298375
14,57,58,0.15906783487458054
14,58,59,0.23573467250050983
14,59,60,0.21094408246571328
14,60,61,0.25143171411075066
14,61,62,0.07997381839972391
14,62,63,0.2143078007416734
14,63,64,0.23258179287103206
14,64,65,0.21232036067066876
14,65,66,0.1583722693233597
14,66,67,0.15502094541097097
14,67,68,0.19829169128991192
14,68,69,0.29562358730019295
14,69,70,0.21276582330117272
14,70,71,0.2270699283566511
14,71,72,0.2356539284407387
14,72,73,0.18986967467143887
14,73,74,0.20533559524313522
14,74,75,0.24896187308571802
14,75,76,0.28873408797482314
14,76,77,0.21946338678678187
14,77,78,0.20546200366417924
14,78,79,0.2526158124788978
14,79,80,0.2841938293857169
14,80,81,0.25346803461437806
14,81,82,0.23432876334878794
14,82,83,0.24367166317190064
14,83,84,0.27722857244653026
14,84,85,0.245189611770995
14,85,86,0.26505903790078306
14,86,87,0.24217519813808144
14,87,88,0.291273606090738
14,88,89,0.2584872707389865
14,89,90,0.25706583434217767
14,90,91,0.2770444259290589
14,91,92,0.26074176415335065
14,92,93,0.25209595064606183
14,93,94,0.3328693323315587
14,94,95,0.31728357751278213
14,95,96,0.24466521740420366
14,96,97,0.3370165587893504
14,97,98,0.33390306224152494
14,98,99,0.2687165916063998
14,99,100,0.3712246121090918
14,100,101,0.356842266706452
14,101,102,0.30467942685415134
14,102,103,0.31553089632736336
14,103,104,0.40279287321549784
14,104,105,0.34314998179332673
14,105,106,0.3198812975278816
14,106,107,0.3738720915073404
14,107,108,0.3421761138774047
14,108,109,0.3762048831539047
14,109,110,0.40336146145820484
14,110,111,0.3290211153013311
14,111,112,0.41143238356848827
14,112,113,0.42111069153958874
14,113,114,0.3455130383166631
14,114,115,0.44326994144401727
14,115,116,0.3507339491351802
14,116,117,0.4429271366147203
14,117,118,0.4131517652308911
14,118,119,0.4442103230616193
14,119,120,0.3758422548731417
14,120,121,0.49745394715294866
14,121,122,0.4280706444154643
14,122,123,0.40655297762189563
14,123,124,0.5028390621156351
14,124,125,0.5092207536636527
14,125,126,0.4604422996176277
14,126,127,0.5426411309388431
14,127,128,0.45873500313301036
14,128,129,0.51484402044635
14,129,130,0.5311893762454123
14,130,131,0.5165457504223459
14,131,132,0.511197589995848
14,132,133,0.5739668288819434
14,133,134,0.5279150794228805
14,134,135,0.536686758984338
14,135,136,0.5823750813011069
14,136,137,0.5431450747681537
14,137,138,0.6087146350066589
14,138,139,0.5934185948962994
14,139,140,0.6092523736995533
14,140,141,0.6284754291372633
14,141,142,0.6013740283818564
14,142,143,0.6340139822183036
14,143,144,0.6278815764764047
14,144,145,0.6752308921923689
14,145,146,0.633658387112506
14,146,147,0.6881268275856475
14,147,148,0.6683324496928189
14,148,149,0.6849669207148269
14,149,150,0.7070556024356305
14,150,151,0.7198201071002299
14,151,152,0.7783074841648622
14,152,153,0.8013517924752381
14,153,154,0.8589174326223998
14,154,155,0.8869888652037244
14,155,156,0.9356056247542596
14,156,157,0.9452322280464468
14,157,158,0.9702921057745212
14,158,159,0.9791891751196431
14,159,160,0.9878544388226752
14,160,161,0.993553567128198
15,1,2,0.0918678428559706
15,2,3,0.037528896286887055
15,3,4,0.009762062240044968
15,4,5,0.01909944469413525
15,5,6,0.03550452555754803
15,6,7,0.0006025063840583735
15,7,8,0.06902218949678972
15,8,9,0.010149416786593686
15,9,10,0.025626407576082637
15,10,11,0.009917711696130116
15,11,12,0.0288865070955711
15,12,13,0.03578260121279192
15,13,14,0.006375387305219467
15,14,15,0.017672678095221602
15,15,16,0.1087751506105961
15,16,17,0.06086707740889158
15,17,18,0.012759091041995617
15,18,19,0.04157010495889965
15,19,20,0.018634163606137837
15,20,21,0.019912287611097767
15,21,22,0.04160873075471564
15,22,23,0.031789804793462884
15,23,24,0.04650565785527002
15,24,25,0.01262913808493775
15,25,26,0.017420484525046038
15,26,27,0.025292214636550864
15,27,28,0.04265295025003264
15,28,29,0.08371477092733025
15,29,30,0.07694197642655899
15,30,31,0.019474199459731136
15,31,32,0.0976624872749267
15,32,33,0.10977782728924897
15,33,34,0.06043798758291669
15,34,35,0.0517971224723353
15,35,36,0.055358513746923965
15,36,37,0.12111340637308753
15,37,38,0.05734644889926357
15,38,39,0.1232431295164501
15,39,40,0.08633982676209276
15,40,41,0.08572755023465382
15,41,42,0.05536684614575311
15,42,43,0.07373194868363668
15,43,44,0.07669898212194971
15,44,45,0.12442989108557767
15,45,46,0.05889660837055588
15,46,47,0.10253603159428991
15,47,48,0.11313646330156876
15,48,49,0.10006616535835909
15,49,50,0.11133511083928084
15,50,51,0.08161805262086236
15,51,52,0.0859607671695953
15,52,53,0.0797046548886977
15,53,54,0.1329836199960081
15,54,55,0.09733698202993601
15,55,56,0.06150350940988208
15,56,57,0.09852083132200194
15,57,58,0.19389447477019237
15,58,59,0.11794697460574392
15,59,60,0.06686985721482767
15,60,61,0.12197726841905812
15,61,62,0.19621449221203882
15,62,63,0.13988750651535237
15,63,64,0.09702309895060755
15,64,65,0.17259915807282541
15,65,66,0.14590563765896608
15,66,67,0.13128074708275184
15,67,68,0.12390074882014954
15,68,69,0.11868558638934144
15,69,70,0.19187229012665433
15,70,71,0.19801154809901966
15,71,72,0.17215989073289611
15,72,73,0.12712851533734454
15,73,74,0.18893928117408096
15,74,75,0.1312569627939616
15,75,76,0.1260484034324714
15,76,77,0.180210170931556
15,77,78,0.21595189875796125
15,78,79,0.20798888767264453
15,79,80,0.16247147158157318
15,80,81,0.13952241178436137
15,81,82,0.22665414870263392
15,82,83,0.16877945641809397
15,83,84,0.2603742666089386
15,84,85,0.2087831971243976
15,85,86,0.19075782890973528
15,86,87,0.22354810225855465
15,87,88,0.18521972226280298
15,88,89,0.2317660588553757
15,89,90,0.3088533791198607
15,90,91,0.2079887783723955
15,91,92,0.17208778693993443
15,92,93,0.24772191030055746
15,93,94,0.2856657393444135
15,94,95,0.14548387212748198
15,95,96,0.29234100530347157
15,96,97,0.3432343259923916
15,97,98,0.23263406246008647
15,98,99,0.25491182753253816
15,99,100,0.3117244105154729
15,100,101,0.23919947281156645
15,101,102,0.34415440965748634
15,102,103,0.2676160325997396
15,103,104,0.2520716818320775
15,104,105,0.29214727456185013
15,105,106,0.3270564125492299
15,106,107,0.25427431582152593
15,107,108,0.3389167646177776
15,108,109,0.2551621095324694
15,109,110,0.29412318000391513
15,110,111,0.37094641981783844
15,111,112,0.2990560923136103
15,112,113,0.2637853548765717
15,113,114,0.41261462091746937
15,114,115,0.24372740761646172
15,115,116,0.3436740199174005
15,116,117,0.3756271744372783
15,117,118,0.34914104813340296
15,118,119,0.3117901307197232
15,119,120,0.3157197082856018
15,120,121,0.4340213313459259
15,121,122,0.3708027488505809
15,122,123,0.3578345708906956
15,123,124,0.4017403340500778
15,124,125,0.40525214564847367
15,125,126,0.3654048537032551
15,126,127,0.4257682371793525
15,127,128,0.37532342149635534
15,128,129,0.44329128342723434
15,129,130,0.35778583320543345
15,130,131,0.46720724925639107
15,131,132,0.43500172289246286
15,132,133,0.3760461973232052
15,133,134,0.44226298546232823
15,134,135,0.461985706308055
15,135,136,0.3834022058715867
15,136,137,0.4777516987189509
15,137,138,0.41347962829245566
15,138,139,0.43541500997485144
15,139,140,0.49515197446338605
15,140,141,0.39566629490237964
15,141,142,0.5184882457663883
15,142,143,0.4340180295270775
15,143,144,0.4717626357507733
15,144,145,0.5248015201960492
15,145,146,0.4580668093777783
15,146,147,0.5369809624789719
15,147,148,0.47535495704017294
15,148,149,0.5450669640609638
15,149,150,0.5152528203557227
15,150,151,0.5715845751766885
15,151,152,0.5348527834560316
15,152,153,0.5992097553703842
15,153,154,0.5620548211854146
15,154,155,0.6185251207923569
15,155,156,0.5928516162568711
15,156,157,0.6507087608671464
15,157,158,0.652469616952258
15,158,159,0.6671946761929577
15,159,160,0.6768565847503942
15,160,161,0.6769514633192051
15,161,162,0.6884689914623037
15,162,163,0.6906507031257129
15,163,164,0.7202835324468225
15,164,165,0.7289953818314684
15,165,166,0.7965115658131287
15,166,167,0.8136773826694529
15,167,168,0.8668073098876179
15,168,169,0.8990330644739405
15,169,170,0.9287950454220374
15,170,171,0.9527596474548987
15,171,172,0.9732651781306816
15,172,173,0.9807591366722578
15,173,174,0.9894183190610264
15,174,175,0.9930217712171326
16,1,2,0.004684480829941676
16,2,3,0.0029749450092156197
16,3,4,0.0030528807176305457
16,4,5,0.009320305309196359
16,5,6,0.013897513654336625
16,6,7,0.01452763620518596
16,7,8,0.016748396517420647
16,8,9,0.011798062254262892
16,9,10,0.006130214020875041
16,10,11,0.005736222330010425
16,11,12,0.006945300020310279
16,12,13,0.023630475447004935
16,13,14,0.006367243168491118
16,14,15,0.007932648700003188
16,15,16,0.00031909215991947506
16,16,17,0.01052474436873428
16,17,18,0.035318775037343195
16,18,19,0.018063932106465376
16,19,20,0.008053033272767888
16,20,21,0.0106244445963866
16,21,22,0.002302978363423508
16,22,23,0.015016797442075194
16,23,24,0.01675537418626152
16,24,25,0.0016097542030755177
16,25,26,0.00048578584019738646
16,26,27,0.004721070465721583
16,27,28,0.013678986615585255
16,28,29,0.03067244347567021
16,29,30,0.033106871463124805
16,30,31,0.018731376818712495
16,31,32,0.015192991693850761
16,32,33,0.058297654045698914
16,33,34,0.01934230212070037
16,34,35,0.014940505262171928
16,35,36,0.033069221908791774
16,36,37,0.03249691370520735
16,37,38,0.032337450174322
16,38,39,0.04698931983189265
16,39,40,0.01602477686866632
16,40,41,0.013159245399274665
16,41,42,0.0445935098672586
16,42,43,0.02624215508025928
16,43,44,0.028797408200311465
16,44,45,0.03238442652338723
16,45,46,0.05552313588635501
16,46,47,0.05037189426663719
16,47,48,0.08081405364490293
16,48,49,0.0531414892807884
16,49,50,0.05043697247325471
16,50,51,0.019850447976147403
16,51,52,0.050559314447847344
16,52,53,0.06806275031897299
16,53,54,0.07791451133073482
16,54,55,0.042653263309793764
16,55,56,0.07505457587925728
16,56,57,0.09602689096545917
16,57,58,0.029468244326399603
16,58,59,0.06724847181748875
16,59,60,0.0584627840829703
16,60,61,0.03792128347677772
16,61,62,0.09996018171934375
16,62,63,0.10881989049668027
16,63,64,0.07904082158821409
16,64,65,0.043746768229342065
16,65,66,0.06471063078906503
16,66,67,0.08794732348372385
16,67,68,0.13235796161574254
16,68,69,0.13182032810602232
16,69,70,0.06222071209053652
16,70,71,0.0732017325716473
16,71,72,0.09079924015162318
16,72,73,0.1085564834011191
16,73,74,0.13923459016733802
16,74,75,0.1213717598921661
16,75,76,0.11751766137569478
16,76,77,0.07773234362734492
16,77,78,0.15435363762585905
16,78,79,0.10303631245940852
16,79,80,0.1340454194732111
16,80,81,0.13171993365674597
16,81,82,0.1339974741682084
16,82,83,0.11104866757550613
16,83,84,0.09799656047549356
16,84,85,0.12188961893809792
16,85,86,0.15368447705110846
16,86,87,0.16669669443112756
16,87,88,0.12632712254615544
16,88,89,0.08619094413203864
16,89,90,0.15405004996294575
16,90,91,0.20150987755218444
16,91,92,0.1873511387570591
16,92,93,0.1208013897874566
16,93,94,0.21856638591557656
16,94,95,0.13322746839605784
16,95,96,0.1647877328956878
16,96,97,0.1690648845334153
16,97,98,0.1397204778174741
16,98,99,0.213460212064438
16,99,100,0.16616882577099004
16,100,101,0.1637025249476745
16,101,102,0.17207904660065348
16,102,103,0.1796744429899271
16,103,104,0.1678720537747694
16,104,105,0.17936132774633662
16,105,106,0.18851051938947327
16,106,107,0.21104967055392637
16,107,108,0.1952042499673378
16,108,109,0.18266635522740501
16,109,110,0.20110122571088995
16,110,111,0.19229655922489228
16,111,112,0.2164519325488915
16,112,113,0.20791900287743362
16,113,114,0.18918432244807565
16,114,115,0.19848198708896064
16,115,116,0.259499720602339
16,116,117,0.1670880595340929
16,117,118,0.21597547194411235
16,118,119,0.2685779937114662
16,119,120,0.2582523699545088
16,120,121,0.18955213925226644
16,121,122,0.2504558711848849
16,122,123,0.23452757434223376
16,123,124,0.26622895933038
16,124,125,0.237343825407705
16,125,126,0.2298009413486763
16,126,127,0.24091560362715772
16,127,128,0.27264746054909206
16,128,129,0.22217163114973582
16,129,130,0.24339461232476672
16,130,131,0.3020721728571956
16,131,132,0.25982362449009616
16,132,133,0.21607568587272458
16,133,134,0.3083713034067218
16,134,135,0.28274194687773935
16,135,136,0.24201949674205264
16,136,137,0.2597074181007013
16,137,138,0.3294357343145422
16,138,139,0.27376284426955655
16,139,140,0.28404270648381386
16,140,141,0.31274416029659585
16,141,142,0.3018569943290237
16,142,143,0.27722615921235844
16,143,144,0.35959799437226825
16,144,145,0.29467357044384385
16,145,146,0.3026427658042449
16,146,147,0.37474905046318946
16,147,148,0.33496639295067177
16,148,149,0.32660866314391096
16,149,150,0.3593512278082464
16,150,151,0.3784920166532548
16,151,152,0.3741440715495481
16,152,153,0.3450774992067148
16,153,154,0.41979116180871306
16,154,155,0.39135477478613684
16,155,156,0.37497340730728
16,156,157,0.43694777186166106
16,157,158,0.4183742834044727
16,158,159,0.4035859655791803
16,159,160,0.45465620555977265
16,160,161,0.4068306005342263
16,161,162,0.46217992269737085
16,162,163,0.4491847072982572
16,163,164,0.43621246419545223
16,164,165,0.5000202344146532
16,165,166,0.42833660350563396
16,166,167,0.5227567636986438
16,167,168,0.46222269724367787
16,168,169,0.5194494831762133
16,169,170,0.5222092779327075
16,170,171,0.5056083943395495
16,171,172,0.5528525206803282
16,172,173,0.5614371799319083
16,173,174,0.5748132739471307
16,174,175,0.6284530076590352
16,175,176,0.598765095824194
16,176,177,0.6467759501245385
16,177,178,0.6246177399276487
16,178,179,0.6483490461292045
16,179,180,0.654732715462622
16,180,181,0.6832004147577053
16,181,182,0.7161290309280967
16,182,183,0.763238503907152
16,183,184,0.8047155281249893
16,184,185,0.8437636772624997
16,185,186,0.8885338917819635
16,186,187,0.9157898340261764
16,187,188,0.9475935601526028
16,188,189,0.9643623969962086
16,189,190,0.9780205492088554
16,190,191,0.9868239989500307
16,191,192,0.9918953474290823
17,1,2,0.015121118623768727
17,2,3,0.015723932582601383
17,3,4,0.014951761078982254
17,4,5,0.014447844453407611
17,5,6,0.003780952335823515
17,6,7,0.0010431531914650474
17,7,8,0.011808242257486582
17,8,9,0.009599389103008333
17,9,10,0.03862879215974067
17,10,11,0.009770756253671044
17,11,12,0.010318091492252974
17,12,13,0.01530249063548761
17,13,14,0.04148218775533596
17,14,15,0.010408893786293701
17,15,16,0.004498108734364465
17,16,17,0.019879760392810083
17,17,18,0.00465238262351694
17,18,19,0.008302781079799081
17,19,20,0.008112490420769995
17,20,21,0.0373298936745889
17,21,22,0.005631142915305278
17,22,23,0.01976249219408243
17,23,24,0.00045986604405237754
17,24,25,0.010337056965275706
17,25,26,0.044197469211201976
17,26,27,0.012510109149762364
17,27,28,0.010754877550226588
17,28,29,0.005044659707363933
17,29,30,0.009482926951337392
17,30,31,0.010764844177637128
17,31,32,0.054201144432245836
17,32,33,0.03528560467489463
17,33,34,0.07106742838197529
17,34,35,0.030421727631700257
17,35,36,0.06080623370461541
17,36,37,0.010876087198247966
17,37,38,0.07877937407694784
17,38,39,0.058718101806539164
17,39,40,0.01911327258659362
17,40,41,0.03037578652054099
17,41,42,0.06547463325257852
17,42,43,0.05018622843832481
17,43,44,0.03926584221012174
17,44,45,0.041436133355828984
17,45,46,0.04802788126281821
17,46,47,0.06238835720234909
17,47,48,0.012596585565171663
17,48,49,0.04333224542351909
17,49,50,0.05817581921663684
17,50,51,0.03345650359263603
17,51,52,0.04769891872655062
17,52,53,0.03814090256564307
17,53,54,0.06300065304183766
17,54,55,0.11374699675246941
17,55,56,0.04728722716357132
17,56,57,0.03676130256142312
17,57,58,0.03192567478543944
17,58,59,0.080403003281073
17,59,60,0.05671696333040858
17,60,61,0.04034494873473553
17,61,62,0.05565163859386329
17,62,63,0.06686852174803791
17,63,64,0.03591058264173941
17,64,65,0.05327229691281206
17,65,66,0.08645960477607571
17,66,67,0.08761888928894285
17,67,68,0.04405416308851737
17,68,69,0.041853653843504895
17,69,70,0.06346951272379471
17,70,71,0.10341211966255433
17,71,72,0.12206442079619945
17,72,73,0.05450487183202885
17,73,74,0.06191485496238851
17,74,75,0.10414450131956202
17,75,76,0.0792236088749554
17,76,77,0.12124347034903689
17,77,78,0.07332953348111028
17,78,79,0.04731136267832583
17,79,80,0.08051454060869467
17,80,81,0.15244967547747523
17,81,82,0.10652811079694618
17,82,83,0.07261082477817579
17,83,84,0.11339697966140536
17,84,85,0.1273871326890317
17,85,86,0.08728257803225754
17,86,87,0.07030289367173638
17,87,88,0.09582100089443456
17,88,89,0.14844156373265924
17,89,90,0.12309038832574701
17,90,91,0.10659373306630063
17,91,92,0.1000628107004856
17,92,93,0.09354210072203333
17,93,94,0.1474361560687982
17,94,95,0.07036625319539211
17,95,96,0.12783779575569884
17,96,97,0.20389905023511554
17,97,98,0.16451314294674785
17,98,99,0.08454523229930257
17,99,100,0.1922891237326379
17,100,101,0.15783517416471896
17,101,102,0.13414444366839057
17,102,103,0.19255811060540623
17,103,104,0.12675086021783274
17,104,105,0.157331445891946
17,105,106,0.17516677877320241
17,106,107,0.13542260787652524
17,107,108,0.12046790507906636
17,108,109,0.17851827087516098
17,109,110,0.1475106852827809
17,110,111,0.18301735973401512
17,111,112,0.17597281184316893
17,112,113,0.11496903567803186
17,113,114,0.185395323882554
17,114,115,0.2229355966307246
17,115,116,0.1496536348666568
17,116,117,0.16550297498610023
17,117,118,0.2072660451597908
17,118,119,0.16466227191154106
17,119,120,0.18450865386477158
17,120,121,0.18849957201340878
17,121,122,0.18588879637087857
17,122,123,0.18679215593137694
17,123,124,0.19989226242201116
17,124,125,0.18465022606458067
17,125,126,0.1885307032066885
17,126,127,0.20149572445705557
17,127,128,0.21822839388247142
17,128,129,0.21090336777720642
17,129,130,0.189496468782719
17,130,131,0.19493087291985675
17,131,132,0.25597147198643916
17,132,133,0.19761741032024782
17,133,134,0.2157522348239854
17,134,135,0.25232757368588066
17,135,136,0.1959759910860095
17,136,137,0.22093088695137328
17,137,138,0.22409055342931483
17,138,139,0.23768207352121473
17,139,140,0.2435017507255597
17,140,141,0.23846280393804178
17,141,142,0.20483941067621894
17,142,143,0.2874011026283535
17,143,144,0.23631611679200845
17,144,145,0.22924537826637162
17,145,146,0.2839046749442233
17,146,147,0.24496639270802806
17,147,148,0.25505668343132837
17,148,149,0.2676338010570401
17,149,150,0.27806533097322617
17,150,151,0.22735977644269106
17,151,152,0.3225222354171646
17,152,153,0.28408237640417805
17,153,154,0.24646499316843543
17,154,155,0.3472204748358626
17,155,156,0.29213513984117195
17,156,157,0.27950500273350737
17,157,158,0.3197772669568176
17,158,159,0.3424126090499742
17,159,160,0.2675820331708712
17,160,161,0.3881288445052104
17,161,162,0.31615030726258403
17,162,163,0.3501179626088492
17,163,164,0.3749105556279202
17,164,165,0.3433543170008173
17,165,166,0.3764149551790033
17,166,167,0.36807307569721043
17,167,168,0.38562170585275385
17,168,169,0.38796358547224363
17,169,170,0.4130071406838275
17,170,171,0.3871294576428327
17,171,172,0.43088878782393153
17,172,173,0.4006242407620959
17,173,174,0.43445387604062213
17,174,175,0.44857615979846577
17,175,176,0.4487032747440666
17,176,177,0.44901917839004307
17,177,178,0.4778485694435313
17,178,179,0.45483016932949083
17,179,180,0.49374224339351896
17,180,181,0.48566689279289305
17,181,182,0.5012417147039031
17,182,183,0.5108577742847834
17,183,184,0.4877220533374436
17,184,185,0.5749003343806672
17,185,186,0.505628998877394
17,186,187,0.6158868238481531
17,187,188,0.5827450984145351
17,188,189,0.6354063549884927
17,189,190,0.6129505530668062
17,190,191,0.6454346870010222
17,191,192,0.6249778751696107
17,192,193,0.6590954308543528
17,193,194,0.6780222881247906
17,194,195,0.7055390941687117
17,195,196,0.7631243014528538
17,196,197,0.7853606083744364
17,197,198,0.8477735540196281
17,198,199,0.866733358734934
17,199,200,0.9110824609230865
17,200,201,0.9306557417028466
17,201,202,0.9557187794678911
17,202,203,0.9687989381581177
17,203,204,0.982286443257303
17,204,205,0.9894765281745234
17,205,206,0.9937283926276086
