qubits,num_iters,num_states,fidelity
2,1,2,0.9999999999999984
3,1,2,0.9999999999999982
4,1,2,0.4495116860273364
4,2,3,0.18903994217143116
4,3,4,0.8031802730958539
4,4,5,1.0000000000000018
5,1,2,0.3747549568816137
5,2,3,0.07963095854532982
5,3,4,0.7837755098091169
5,4,5,0.7662362991817216
5,5,6,1.0000000000000018
6,1,2,0.3343831411921293
6,2,3,0.04864774957013671
6,3,4,0.21204975060553785
6,4,5,0.19328021257260047
6,5,6,0.25790468940193884
6,6,7,0.720350039431202
6,7,8,0.21373685423139396
6,8,9,0.16766979686844258
6,9,10,0.766916940169342
6,10,11,0.7033623818280001
6,11,12,0.8587115033523988
6,12,13,0.9986754788081398
6,13,14,1.0000000000000018
7,1,2,0.14107808771142905
7,2,3,0.04533759853900508
7,3,4,0.2585598681543048
7,4,5,0.13889577584341004
7,5,6,0.5816516858215969
7,6,7,0.5234812444776628
7,7,8,0.4177836571330956
7,8,9,0.5080031468519262
7,9,10,0.30564687304748156
7,10,11,0.5090273779386651
7,11,12,0.3687600069172314
7,12,13,0.3889596061023134
7,13,14,0.8908636340865433
7,14,15,0.8715536077466071
7,15,16,0.9998579539258632
8,1,2,0.032621835770249394
8,2,3,0.0492943654035486
8,3,4,0.02563331243882762
8,4,5,0.07509857814223056
8,5,6,0.004723022027331755
8,6,7,0.10847649716680466
8,7,8,0.03516295187999751
8,8,9,0.34630939975929986
8,9,10,0.45908168668827914
8,10,11,0.2109633717523113
8,11,12,0.03495111355017644
8,12,13,0.25818259143771316
8,13,14,0.4151533915189628
8,14,15,0.47349935861574377
8,15,16,0.4598964316101104
8,16,17,0.41777283521031583
8,17,18,0.4757347654791147
8,18,19,0.48751742102250234
8,19,20,0.506329273878667
8,20,21,0.8149271857943761
8,21,22,0.3385574402427589
8,22,23,0.7500623384359101
8,23,24,0.71435602623739
8,24,25,0.7555549858815281
8,25,26,0.7639249465969403
8,26,27,0.8691758452545438
8,27,28,0.9633177763505837
8,28,29,0.9414805107739649
8,29,30,0.9756969518592908
8,30,31,0.8291705982710423
8,31,32,0.9767993267473609
8,32,33,0.9209715211889518
8,33,34,0.9896782577044606
8,34,35,0.9924061004436935
8,35,36,0.9831256417472832
8,36,37,0.9976747297018587
8,37,38,0.999008762196245
9,1,2,0.03843522963133436
9,2,3,0.09146921460897899
9,3,4,0.01915784295923095
9,4,5,0.18156724919402617
9,5,6,0.024816895044729125
9,6,7,0.10040244499204609
9,7,8,0.1540065513885952
9,8,9,0.20671221432200665
9,9,10,0.09266255701553695
9,10,11,0.13548458822758502
9,11,12,0.30524680359009027
9,12,13,0.2903813738533469
9,13,14,0.27217583592466615
9,14,15,0.1497154638358505
9,15,16,0.32734153615674105
9,16,17,0.3514543882793831
9,17,18,0.030679410353546793
9,18,19,0.30726008523464304
9,19,20,0.6007177110668653
9,20,21,0.5841729133363524
9,21,22,0.5940137868348804
9,22,23,0.7295437707947917
9,23,24,0.4277109073417245
9,24,25,0.7074631991069817
9,25,26,0.5255755707687314
9,26,27,0.7317658684950992
9,27,28,0.5145843354280722
9,28,29,0.6956238467152537
9,29,30,0.5849347467236342
9,30,31,0.7191349894558164
9,31,32,0.6698507402458805
9,32,33,0.8347658894856098
9,33,34,0.6803512112539901
9,34,35,0.8930589999236773
9,35,36,0.6954958921349917
9,36,37,0.9161390971292299
9,37,38,0.823236875884861
9,38,39,0.8835646351851044
9,39,40,0.8738357054591014
9,40,41,0.8521125805433871
9,41,42,0.931680831774082
9,42,43,0.8879105700952026
9,43,44,0.9320925421577905
9,44,45,0.8996713828391579
9,45,46,0.9625736768567504
9,46,47,0.9407173297194238
9,47,48,0.9698558323881313
9,48,49,0.9820381677469847
9,49,50,0.9840103901755889
9,50,51,0.9855212352807197
9,51,52,0.9936198985335621
9,52,53,0.9776594131764309
9,53,54,0.9960959774166963
9,54,55,0.994801228155951
9,55,56,0.9937038221990104
9,56,57,0.9949613443537006
9,57,58,0.9973460828279969
9,58,59,0.9956958761556873
9,59,60,0.996568397512753
9,60,61,0.998413827753362
9,61,62,0.998747053804606
9,62,63,0.9991636540942191
10,1,2,0.05112374467379721
10,2,3,0.03477433859983585
10,3,4,0.09066611016277178
10,4,5,0.1504367262940421
10,5,6,0.03108811014198162
10,6,7,0.006727745125498494
10,7,8,0.1338863008593709
10,8,9,0.07419207729179066
10,9,10,0.07587784989639368
10,10,11,0.0641472915618014
10,11,12,0.011730040046735838
10,12,13,0.25401898651138266
10,13,14,0.15760533302015683
10,14,15,0.0034805655035735307
10,15,16,0.007389921305730647
10,16,17,0.1942270202892898
10,17,18,0.12343135592131825
10,18,19,0.2061347994294833
10,19,20,0.3106144612494615
10,20,21,0.07231028414349086
10,21,22,0.14341799209454614
10,22,23,0.36512985069467807
10,23,24,0.21421842090731305
10,24,25,0.23086309067031643
10,25,26,0.20199255529272722
10,26,27,0.1688863589201062
10,27,28,0.4765988791049909
10,28,29,0.2900127753920485
10,29,30,0.2809567011095217
10,30,31,0.3264423665176508
10,31,32,0.4388987512582432
10,32,33,0.26128702259972464
10,33,34,0.4519222192189487
10,34,35,0.4085114650106913
10,35,36,0.22833434484989157
10,36,37,0.4603745429385868
10,37,38,0.3660454116811146
10,38,39,0.30885616814491984
10,39,40,0.5814807185374467
10,40,41,0.5619779447041535
10,41,42,0.4594187707859237
10,42,43,0.4695128428023564
10,43,44,0.5644719276756771
10,44,45,0.37053157796069097
10,45,46,0.5567873136236036
10,46,47,0.5124705151487656
10,47,48,0.5535302125869528
10,48,49,0.4350241353310079
10,49,50,0.6135619253923064
10,50,51,0.5494601254778123
10,51,52,0.46816807799068816
10,52,53,0.5531566323240296
10,53,54,0.6764327518002012
10,54,55,0.5592660599440913
10,55,56,0.688869762137774
10,56,57,0.6111986967998864
10,57,58,0.6047336275423251
10,58,59,0.626281208756136
10,59,60,0.7878205824528385
10,60,61,0.7855437076687801
10,61,62,0.8269183421048861
10,62,63,0.7776764197488213
10,63,64,0.7866370800721791
10,64,65,0.787634900629423
10,65,66,0.783603500210833
10,66,67,0.8467829360402779
10,67,68,0.7416598713548191
10,68,69,0.8473415479519272
10,69,70,0.8101488023381324
10,70,71,0.8911367976030754
10,71,72,0.8946290727672525
10,72,73,0.8267384759935348
10,73,74,0.8965830373929725
10,74,75,0.8394751191649941
10,75,76,0.9203662079313621
10,76,77,0.8992770940960231
10,77,78,0.9089244210689448
10,78,79,0.9389676036696294
10,79,80,0.9056807023444702
10,80,81,0.9553011165081988
10,81,82,0.9324478207996573
10,82,83,0.9534107544041569
10,83,84,0.9365222355121979
10,84,85,0.954955997219262
10,85,86,0.9527061766783342
10,86,87,0.9620077927371684
10,87,88,0.9760596717185357
10,88,89,0.9805022832333563
10,89,90,0.9926480209665719
10,90,91,0.9917434376724242
10,91,92,0.9973225726038665
10,92,93,0.9964188078218572
10,93,94,0.9992026476465247
11,1,2,0.04395478711163275
11,2,3,0.022173354875082003
11,3,4,0.003048538382268508
11,4,5,0.09173689653122295
11,5,6,0.2076006307436674
11,6,7,0.0001316047194307961
11,7,8,0.14506666774885826
11,8,9,0.05534068164277953
11,9,10,0.19780434968462907
11,10,11,0.011642882827621121
11,11,12,0.32171663885152046
11,12,13,0.04937940312467858
11,13,14,0.0013265321240642956
11,14,15,0.1879563521391222
11,15,16,0.19578751799804253
11,16,17,0.011786509461652685
11,17,18,0.10925617612050442
11,18,19,0.05861486451759968
11,19,20,0.11654198275465322
11,20,21,0.31273081354277427
11,21,22,0.1969561580328412
11,22,23,0.2330834819706197
11,23,24,0.1085669772369598
11,24,25,0.10517909653613322
11,25,26,0.2534661818647462
11,26,27,0.31648496985566366
11,27,28,0.3285998159753991
11,28,29,0.27412110424679087
11,29,30,0.33400092351279603
11,30,31,0.2243646708175392
11,31,32,0.19652283469928353
11,32,33,0.4598224906498739
11,33,34,0.3467765994583966
11,34,35,0.36030296041050225
11,35,36,0.3607451017616098
11,36,37,0.26716612443879717
11,37,38,0.4784324083333356
11,38,39,0.39525752601011604
11,39,40,0.3267485166279009
11,40,41,0.4172495857243166
11,41,42,0.3635560193428248
11,42,43,0.40450119046434113
11,43,44,0.39608052702596824
11,44,45,0.45852422022812006
11,45,46,0.36828954215657134
11,46,47,0.30653391785805073
11,47,48,0.49800707292689084
11,48,49,0.5521864836067844
11,49,50,0.4440534068955926
11,50,51,0.5057633800709055
11,51,52,0.5309534405333242
11,52,53,0.4979033018936341
11,53,54,0.5430567661891389
11,54,55,0.7112830064823998
11,55,56,0.5158517081694721
11,56,57,0.6454688434923828
11,57,58,0.7106491313812625
11,58,59,0.5713409009780306
11,59,60,0.6686605145970584
11,60,61,0.6389704201140458
11,61,62,0.6555036943582028
11,62,63,0.6121318856849864
11,63,64,0.639706077955051
11,64,65,0.639370901625811
11,65,66,0.6798825220703789
11,66,67,0.6083361481046752
11,67,68,0.7897655849018964
11,68,69,0.7762196465537006
11,69,70,0.5733344659894701
11,70,71,0.8026980279448062
11,71,72,0.7406643872119513
11,72,73,0.7248175840091634
11,73,74,0.8224721058703476
11,74,75,0.644633985055115
11,75,76,0.8453126942632938
11,76,77,0.8117212292546955
11,77,78,0.7564671881504044
11,78,79,0.7721711127611084
11,79,80,0.8503726777976015
11,80,81,0.8199152597292473
11,81,82,0.8335854853672098
11,82,83,0.8295034097550321
11,83,84,0.8402604079017875
11,84,85,0.8022462013980127
11,85,86,0.8311115829706819
11,86,87,0.8555854461415505
11,87,88,0.8712091809969102
11,88,89,0.8260880942943121
11,89,90,0.8884783874315824
11,90,91,0.8194237844540103
11,91,92,0.8827471539464441
11,92,93,0.8644324675365562
11,93,94,0.8689604156069524
11,94,95,0.8875590666704558
11,95,96,0.8735910378979663
11,96,97,0.9152224316734239
11,97,98,0.8636366862976319
11,98,99,0.9185942285859392
11,99,100,0.9008707145373078
11,100,101,0.9259766563138268
11,101,102,0.9353767730189576
11,102,103,0.9534804236626353
11,103,104,0.9672118837346572
11,104,105,0.9808967370478661
11,105,106,0.9858943001279534
11,106,107,0.9896210933716827
11,107,108,0.9960243980900656
11,108,109,0.9974776034304766
11,109,110,0.9986217514026849
11,110,111,0.9991501652056108
12,1,2,0.037785108227395954
12,2,3,0.05198130106260982
12,3,4,0.0037956852759313373
12,4,5,0.008092068774484287
12,5,6,0.02249215720676969
12,6,7,0.018420893226471412
12,7,8,0.02703514874098985
12,8,9,0.009246191435471389
12,9,10,0.13590415376186085
12,10,11,0.024314964606116714
12,11,12,0.010285912190143706
12,12,13,0.1469290803263364
12,13,14,0.0480590868122154
12,14,15,0.04212413335602385
12,15,16,0.0880517918453548
12,16,17,0.12139934590032504
12,17,18,0.02035462577678443
12,18,19,0.06783109389946103
12,19,20,0.0433035149602509
12,20,21,0.07829862795655615
12,21,22,0.06552977999869714
12,22,23,0.23314544414318902
12,23,24,0.1643364942827017
12,24,25,0.12147688248885917
12,25,26,0.05057063367693599
12,26,27,0.0510941528522002
12,27,28,0.21202233098425755
12,28,29,0.08497650802354063
12,29,30,0.08952938378089263
12,30,31,0.1350530886750016
12,31,32,0.07338875701777926
12,32,33,0.09990050733416861
12,33,34,0.18760645242257723
12,34,35,0.2071600463559641
12,35,36,0.12408640372163007
12,36,37,0.07592308420481163
12,37,38,0.22677070399111593
12,38,39,0.14651935597471533
12,39,40,0.21193002565180358
12,40,41,0.15641862584601182
12,41,42,0.14269857564151528
12,42,43,0.18344683471949821
12,43,44,0.1488690535338303
12,44,45,0.20222505872225244
12,45,46,0.24769202433064738
12,46,47,0.13580755202650266
12,47,48,0.111718616307076
12,48,49,0.2076396679215698
12,49,50,0.3333775044293561
12,50,51,0.45044852121728646
12,51,52,0.3956367038415166
12,52,53,0.18974961657652256
12,53,54,0.4279311116449854
12,54,55,0.34556785495039966
12,55,56,0.46062409101476093
12,56,57,0.2955720229237323
12,57,58,0.46378137156841964
12,58,59,0.42792349522314227
12,59,60,0.39105622448598515
12,60,61,0.3504122024979158
12,61,62,0.45299764310925006
12,62,63,0.44218107392517697
12,63,64,0.44398606256936574
12,64,65,0.3558168224645865
12,65,66,0.40603027204871267
12,66,67,0.530989429747994
12,67,68,0.3624948763527541
12,68,69,0.547093841362293
12,69,70,0.34936657385612196
12,70,71,0.5051559140852964
12,71,72,0.47440474878729744
12,72,73,0.4268703295065917
12,73,74,0.44682102666983115
12,74,75,0.4448014017424851
12,75,76,0.5591645931098334
12,76,77,0.5626291330792198
12,77,78,0.44558877746685294
12,78,79,0.5400674527763392
12,79,80,0.5080883042582738
12,80,81,0.6068585835728095
12,81,82,0.4850356196643656
12,82,83,0.5845720884593752
12,83,84,0.48447667542061384
12,84,85,0.5544465518973956
12,85,86,0.5857091253451104
12,86,87,0.5556246250881319
12,87,88,0.5613159238392558
12,88,89,0.649754302128304
12,89,90,0.4986010528863679
12,90,91,0.654554295603575
12,91,92,0.6700310743690729
12,92,93,0.576520813609248
12,93,94,0.6914650619134589
12,94,95,0.6179387767248861
12,95,96,0.6653485908412077
12,96,97,0.6403065439155974
12,97,98,0.673541048433449
12,98,99,0.6435196871807949
12,99,100,0.6646649613645507
12,100,101,0.6927503110485264
12,101,102,0.6479217673913935
12,102,103,0.7153962900412429
12,103,104,0.6230748808583746
12,104,105,0.705640995270625
12,105,106,0.7034993486622244
12,106,107,0.6985423441150105
12,107,108,0.7158031394784246
12,108,109,0.6698432277849987
12,109,110,0.7306720052458178
12,110,111,0.703882298571579
12,111,112,0.7422988448527037
12,112,113,0.7546486607613304
12,113,114,0.7743152234009664
12,114,115,0.7768759836316149
12,115,116,0.7805171244482684
12,116,117,0.7821754817645408
12,117,118,0.7845056687569124
12,118,119,0.7971738448793623
12,119,120,0.8496585345241491
12,120,121,0.8476704097256351
12,121,122,0.892741857921668
12,122,123,0.9200374805336826
12,123,124,0.9317549772732698
12,124,125,0.9576972891082525
12,125,126,0.9718512593902269
12,126,127,0.983886943152325
12,127,128,0.9928185581511197
12,128,129,0.9955842954867513
12,129,130,0.9982536410706291
12,130,131,0.9991089946262484
13,1,2,0.08407573326724113
13,2,3,0.012202091484439135
13,3,4,0.0010677609778975484
13,4,5,0.012836772442606201
13,5,6,0.11176916372894118
13,6,7,0.014841299521100037
13,7,8,0.09121135919980741
13,8,9,0.005651464334157059
13,9,10,0.12960092886137836
13,10,11,0.0374175721135204
13,11,12,0.06032750487468876
13,12,13,0.010799424792458497
13,13,14,0.10974609390051736
13,14,15,0.051781079492861155
13,15,16,0.1226975316808565
13,16,17,0.008395784223250739
13,17,18,0.07883733184155929
13,18,19,0.12635402010783447
13,19,20,0.030216190363885467
13,20,21,0.05515288344345061
13,21,22,0.02808569621947835
13,22,23,0.013382370956305522
13,23,24,0.06018473086362907
13,24,25,0.21653140504700177
13,25,26,0.09725616337028085
13,26,27,0.187826255749457
13,27,28,0.21185359336762746
13,28,29,0.05424338520930762
13,29,30,0.06198968911812276
13,30,31,0.20512310836247602
13,31,32,0.1920008963002571
13,32,33,0.10920208395564295
13,33,34,0.208161039926059
13,34,35,0.19413106678344885
13,35,36,0.19780700027242612
13,36,37,0.2128937234291481
13,37,38,0.16358512807885708
13,38,39,0.11558442257473185
13,39,40,0.27894596386656534
13,40,41,0.1897783248134169
13,41,42,0.09685251462011889
13,42,43,0.2037768400709469
13,43,44,0.22523208929439148
13,44,45,0.1406494545830904
13,45,46,0.2418756661725709
13,46,47,0.19491595201004044
13,47,48,0.11232172981668194
13,48,49,0.2355273999260882
13,49,50,0.2699529445026278
13,50,51,0.12206152528517983
13,51,52,0.28829577025608133
13,52,53,0.26377576515537465
13,53,54,0.19008741794901932
13,54,55,0.2616779144312627
13,55,56,0.25616003818512634
13,56,57,0.23526979670298848
13,57,58,0.1874058806553574
13,58,59,0.3299756765844877
13,59,60,0.272450802228729
13,60,61,0.1822083420637276
13,61,62,0.24724404095072056
13,62,63,0.4165516019357087
13,63,64,0.2853623593768075
13,64,65,0.32486404551507714
13,65,66,0.3349653275193771
13,66,67,0.2763549797622677
13,67,68,0.2958554740249778
13,68,69,0.2856356100952569
13,69,70,0.3437490310853105
13,70,71,0.3962028884270588
13,71,72,0.22905120692752354
13,72,73,0.386666162345388
13,73,74,0.26387732310438305
13,74,75,0.4047119319567758
13,75,76,0.3561254956244491
13,76,77,0.39844976023681344
13,77,78,0.3351650643618167
13,78,79,0.4057638448357115
13,79,80,0.3899670544148488
13,80,81,0.3326745972532785
13,81,82,0.45682909970855434
13,82,83,0.3884708344375997
13,83,84,0.29523936698180236
13,84,85,0.459673921555882
13,85,86,0.46892662634186283
13,86,87,0.5647310505003341
13,87,88,0.44877907847929693
13,88,89,0.4321458201599704
13,89,90,0.5372776478907972
13,90,91,0.4850751350906327
13,91,92,0.49049197506409004
13,92,93,0.49337955727525273
13,93,94,0.5534550375399728
13,94,95,0.41826783142242524
13,95,96,0.5393739058644204
13,96,97,0.4649869084673307
13,97,98,0.5512932748070196
13,98,99,0.46062036743029605
13,99,100,0.5860920108061747
13,100,101,0.4968412938107151
13,101,102,0.553822731617378
13,102,103,0.5044052882083931
13,103,104,0.566124969773218
13,104,105,0.4777134782705876
13,105,106,0.5679962120118629
13,106,107,0.6017205990226162
13,107,108,0.50104109498934
13,108,109,0.5662040784380175
13,109,110,0.6305712926333025
13,110,111,0.5719085132347146
13,111,112,0.5711284650456042
13,112,113,0.6845521790906967
13,113,114,0.5321752428136945
13,114,115,0.6514151303631774
13,115,116,0.6471497109718334
13,116,117,0.6224444309686603
13,117,118,0.6815473416502396
13,118,119,0.5770965555973444
13,119,120,0.6894036153188339
13,120,121,0.6593490612747056
13,121,122,0.6522065098008414
13,122,123,0.6999207946658811
13,123,124,0.6638210125745614
13,124,125,0.6912740556315721
13,125,126,0.7082908249262295
13,126,127,0.6910403513410973
13,127,128,0.739726655580377
13,128,129,0.7118435543793414
13,129,130,0.7632984225615116
13,130,131,0.7343862638145433
13,131,132,0.7744125665573506
13,132,133,0.7566759841971062
13,133,134,0.8016398099294877
13,134,135,0.8053785929545263
13,135,136,0.8571157048367829
13,136,137,0.8805343642487766
13,137,138,0.9190546610358158
13,138,139,0.9460624442985399
13,139,140,0.9546590733603703
13,140,141,0.9756056945655137
13,141,142,0.9852625506406794
13,142,143,0.9907565996130112
13,143,144,0.9956427629356025
13,144,145,0.9974032040496278
13,145,146,0.9991011656987145
14,1,2,0.007109854492065988
14,2,3,0.0013004642405371471
14,3,4,0.003381779629086512
14,4,5,0.009855184995564327
14,5,6,0.011504659189525836
14,6,7,0.030651544736360246
14,7,8,0.022229374978340453
14,8,9,0.010002064432390007
14,9,10,0.013730630737292216
14,10,11,0.015598844174510705
14,11,12,0.03307346791029492
14,12,13,0.003974390243248068
14,13,14,0.005706000515973616
14,14,15,0.03295797083160852
14,15,16,0.0487789171489076
14,16,17,0.00749894549908153
14,17,18,0.034042200663530274
14,18,19,0.021594935683173985
14,19,20,0.02771542385555486
14,20,21,0.0068632977231242774
14,21,22,0.0070644893732180174
14,22,23,0.006030311417908894
14,23,24,0.012359700563139436
14,24,25,0.0411408906742576
14,25,26,0.051135366031302656
14,26,27,0.06190503371884511
14,27,28,0.045425531681992884
14,28,29,0.12071565736424351
14,29,30,0.0422062509335374
14,30,31,0.05378863467844508
14,31,32,0.013391066910868287
14,32,33,0.09077268149067418
14,33,34,0.08045876323300966
14,34,35,0.04198747115040152
14,35,36,0.06120664909399832
14,36,37,0.09260663411127226
14,37,38,0.023065601796130382
14,38,39,0.06143261885359245
14,39,40,0.10519772187939033
14,40,41,0.0810558868597333
14,41,42,0.10444896395866193
14,42,43,0.08028552238717919
14,43,44,0.047980459140954446
14,44,45,0.09527274475570133
14,45,46,0.06681393329007916
14,46,47,0.0748252081036506
14,47,48,0.1181038252767407
14,48,49,0.10713864555785356
14,49,50,0.0862001112103854
14,50,51,0.11151265656984612
14,51,52,0.10692391649134085
14,52,53,0.08089258664212574
14,53,54,0.1527136710903811
14,54,55,0.17450609815504944
14,55,56,0.1261066721107803
14,56,57,0.06279419160303232
14,57,58,0.15906783487463694
14,58,59,0.2357346725005948
14,59,60,0.21094408246579302
14,60,61,0.25143171411085175
14,61,62,0.07997381839977497
14,62,63,0.21430780074175826
14,63,64,0.23258179287113
14,64,65,0.21232036067074847
14,65,66,0.15837226932343906
14,66,67,0.15502094541103928
14,67,68,0.19829169128999385
14,68,69,0.29562358730028687
14,69,70,0.21276582330125535
14,70,71,0.22706992835674059
14,71,72,0.23565392844082966
14,72,73,0.1898696746715194
14,73,74,0.20533559524321038
14,74,75,0.24896187308580664
14,75,76,0.28873408797492234
14,76,77,0.219463386786873
14,77,78,0.20546200366425424
14,78,79,0.2526158124789938
14,79,80,0.2841938293858063
14,80,81,0.25346803461447215
14,81,82,0.2343287633488719
14,82,83,0.24367166317199146
14,83,84,0.27722857244663
14,84,85,0.2451896117710818
14,85,86,0.26505903790087965
14,86,87,0.24217519813816984
14,87,88,0.2912736060908341
14,88,89,0.2584872707390846
14,89,90,0.2570658343422643
14,90,91,0.2770444259291506
14,91,92,0.260741764153453
14,92,93,0.2520959506461506
14,93,94,0.3328693323316568
14,94,95,0.31728357751288444
14,95,96,0.24466521740429378
14,96,97,0.33701655878945297
14,97,98,0.3339030622416304
14,98,99,0.2687165916064932
14,99,100,0.37122461210920166
14,100,101,0.3568422667065583
14,101,102,0.30467942685425575
14,102,103,0.31553089632746006
14,103,104,0.402792873215617
14,104,105,0.3431499817934288
14,105,106,0.31988129752798694
14,106,107,0.3738720915074511
14,107,108,0.3421761138775126
14,108,109,0.37620488315401723
14,109,110,0.40336146145831725
14,110,111,0.3290211153014372
14,111,112,0.4114323835686056
14,112,113,0.4211106915397072
14,113,114,0.3455130383167683
14,114,115,0.44326994144413867
14,115,116,0.3507339491352899
14,116,117,0.4429271366148363
14,117,118,0.4131517652310073
14,118,119,0.4442103230617405
14,119,120,0.3758422548732573
14,120,121,0.4974539471530705
14,121,122,0.42807064441558895
14,122,123,0.40655297762200565
14,123,124,0.5028390621157617
14,124,125,0.5092207536637885
14,125,126,0.46044229961774513
14,126,127,0.5426411309389808
14,127,128,0.4587350031331337
14,128,129,0.5148440204464816
14,129,130,0.5311893762455415
14,130,131,0.5165457504224799
14,131,132,0.5111975899959734
14,132,133,0.573966828882084
14,133,134,0.527915079423013
14,134,135,0.5366867589844706
14,135,136,0.5823750813012425
14,136,137,0.5431450747682942
14,137,138,0.6087146350067931
14,138,139,0.5934185948964464
14,139,140,0.6092523736996898
14,140,141,0.6284754291374063
14,141,142,0.6013740283820015
14,142,143,0.6340139822184436
14,143,144,0.6278815764765439
14,144,145,0.6752308921925191
14,145,146,0.633658387112648
14,146,147,0.6881268275858002
14,147,148,0.6683324496929707
14,148,149,0.6849669207149793
14,149,150,0.7070556024357867
14,150,151,0.7198201071003838
14,151,152,0.7783074841650266
14,152,153,0.8013517924753993
14,153,154,0.8589174326225725
14,154,155,0.8869888652038953
14,155,156,0.9356056247544352
14,156,157,0.9452322280466219
14,157,158,0.9702921057746984
14,158,159,0.9791891751198231
14,159,160,0.9878544388228544
14,160,161,0.9935535671283773
14,161,162,0.9964913402220733
14,162,163,0.9982645393133783
14,163,164,0.9990827080185601
15,1,2,0.09186784285596583
15,2,3,0.03752889628689543
15,3,4,0.009762062240047938
15,4,5,0.019099444694147975
15,5,6,0.035504525557540065
15,6,7,0.0006025063840577401
15,7,8,0.06902218949678522
15,8,9,0.010149416786590768
15,9,10,0.025626407576080652
15,10,11,0.009917711696130937
15,11,12,0.028886507095562203
15,12,13,0.03578260121280292
15,13,14,0.006375387305221208
15,14,15,0.017672678095229388
15,15,16,0.10877515061057413
15,16,17,0.060867077408881566
15,17,18,0.012759091042007635
15,18,19,0.041570104958893114
15,19,20,0.018634163606116416
15,20,21,0.019912287611095876
15,21,22,0.04160873075470564
15,22,23,0.031789804793455445
15,23,24,0.046505657855115644
15,24,25,0.01262913808491832
15,25,26,0.01742048452485659
15,26,27,0.025292214636670196
15,27,28,0.042652950250108
15,28,29,0.08371477092689447
15,29,30,0.07694197642650405
15,30,31,0.019474199459747567
15,31,32,0.09766248727323247
15,32,33,0.10977782728955314
15,33,34,0.06043798758088989
15,34,35,0.051797122473492226
15,35,36,0.05535851374732031
15,36,37,0.12111340637336908
15,37,38,0.057346448899791735
15,38,39,0.12324312951565461
15,39,40,0.08633982676279539
15,40,41,0.08572755022854708
15,41,42,0.055366846148230696
15,42,43,0.0737319486756993
15,43,44,0.07669898214286688
15,44,45,0.12442989109574697
15,45,46,0.05889660837652407
15,46,47,0.1025360315856605
15,47,48,0.1131364633003156
15,48,49,0.10006616538047043
15,49,50,0.11133511083483162
15,50,51,0.08161805260417025
15,51,52,0.08596076720512918
15,52,53,0.07970465491791805
15,53,54,0.13298361993514982
15,54,55,0.09733698210076351
15,55,56,0.061503509388074584
15,56,57,0.09852083133030416
15,57,58,0.19389447480355448
15,58,59,0.11794697447448854
15,59,60,0.06686985697299064
15,60,61,0.12197727249426978
15,61,62,0.19621449281206294
15,62,63,0.1398874267397575
15,63,64,0.09702296823276484
15,64,65,0.172600929834844
15,65,66,0.14589977260238793
15,66,67,0.13128682951793857
15,67,68,0.12377190313249598
15,68,69,0.11934006119614303
15,69,70,0.192284129387063
15,70,71,0.18892383878658517
15,71,72,0.11517540252754266
15,72,73,0.18576908683846358
15,73,74,0.18704410746972533
15,74,75,0.11910228525679807
15,75,76,0.12820447638745622
15,76,77,0.18033177183888927
15,77,78,0.21600432808534253
15,78,79,0.2079551352326126
15,79,80,0.1624715445402551
15,80,81,0.13952421457979966
15,81,82,0.22665425011275178
15,82,83,0.16877939921711968
15,83,84,0.2603744692191718
15,84,85,0.20878226115575071
15,85,86,0.1907592974430643
15,86,87,0.2235477528118638
15,87,88,0.18521950061146297
15,88,89,0.23178018332181044
15,89,90,0.3088666442520438
15,90,91,0.20758467365877586
15,91,92,0.17323500518775048
15,92,93,0.2475220092553619
15,93,94,0.2841099868917493
15,94,95,0.14567433886387843
15,95,96,0.2924016577316106
15,96,97,0.3432344847955564
15,97,98,0.23264829587014055
15,98,99,0.2549024588773611
15,99,100,0.3116902103525064
15,100,101,0.23927810081577933
15,101,102,0.3445241004740114
15,102,103,0.26825441161005337
15,103,104,0.2567584285765194
15,104,105,0.30020089853700743
15,105,106,0.32767313426762557
15,106,107,0.2541122476921808
15,107,108,0.33888360072160995
15,108,109,0.25523199605347513
15,109,110,0.29421873515087454
15,110,111,0.3705520977889757
15,111,112,0.2941461024793326
15,112,113,0.2719979218349539
15,113,114,0.40961528805145064
15,114,115,0.23729258144695645
15,115,116,0.34668768449180337
15,116,117,0.3753490468792082
15,117,118,0.34923481779843735
15,118,119,0.31169486431476157
15,119,120,0.3157394511807737
15,120,121,0.4340227501711042
15,121,122,0.3708004593573468
15,122,123,0.3578337256541967
15,123,124,0.40173899797654516
15,124,125,0.40525867207562577
15,125,126,0.3653965905171143
15,126,127,0.42577822324257475
15,127,128,0.3752819558578969
15,128,129,0.44333985264521236
15,129,130,0.3578132047129194
15,130,131,0.4669704556549466
15,131,132,0.435030415300584
15,132,133,0.3760992700892618
15,133,134,0.44106994028848034
15,134,135,0.46401958869111526
15,135,136,0.379720798641029
15,136,137,0.4766678501338379
15,137,138,0.42561011229258766
15,138,139,0.4250532852653863
15,139,140,0.4897269041112167
15,140,141,0.4479686181315977
15,141,142,0.4772419374001075
15,142,143,0.47918806250066553
15,143,144,0.45240800821240246
15,144,145,0.5215530518865503
15,145,146,0.46210937070332725
15,146,147,0.5318888392598589
15,147,148,0.4793994671231687
15,148,149,0.5388482615474429
15,149,150,0.5353358636777625
15,150,151,0.5496440387865642
15,151,152,0.5967144544485224
15,152,153,0.5758772176211644
15,153,154,0.602455182538606
15,154,155,0.6163698406293234
15,155,156,0.5976559212679634
15,156,157,0.651331238682048
15,157,158,0.6545946119642146
15,158,159,0.6690703958275601
15,159,160,0.6788912923974039
15,160,161,0.6843104862872653
15,161,162,0.6916705157799833
15,162,163,0.7026888604462699
15,163,164,0.736882606047789
15,164,165,0.7383607049290064
15,165,166,0.8069761634331312
15,166,167,0.8198616479486078
15,167,168,0.8764893452250848
15,168,169,0.9022590929872943
15,169,170,0.9316558426337339
15,170,171,0.9538004593424341
15,171,172,0.9734723860576114
15,172,173,0.9808164076555327
15,173,174,0.9894135289123407
15,174,175,0.9930873442720841
15,175,176,0.9966498031264258
15,176,177,0.9980212385869136
15,177,178,0.9990785346600297
