qubits,num_iters,num_states,fidelity
2,1,2,0.9999999999998201
3,1,2,0.9661662043227032
4,1,2,0.0025237986449182133
4,2,3,0.11108679030556541
4,3,4,0.21289744740479027
4,4,5,0.6201433381942576
4,5,6,0.7873912892773808
4,6,7,0.8196007154268242
4,7,8,1.0000000000001505
5,1,2,0.6036884896165043
5,2,3,0.3724991843233945
5,3,4,0.6680761921568213
5,4,5,0.316663425375466
5,5,6,0.45232253032022857
5,6,7,0.2860910615143677
5,7,8,0.7196090683833589
5,8,9,0.8633881040727678
5,9,10,0.9999999999999654
6,1,2,0.10449252897265168
6,2,3,0.15657822883362496
6,3,4,0.2475182272198484
6,4,5,0.3505866778460566
6,5,6,0.36943253290843053
6,6,7,0.5777227517790123
6,7,8,0.45874720768324395
6,8,9,0.5620034874840769
6,9,10,0.7779188795578524
6,10,11,0.6856643039138387
6,11,12,0.6757136760194754
6,12,13,0.6838624364765126
6,13,14,0.6623499179680561
6,14,15,0.7434512579264371
6,15,16,0.58831429465862
6,16,17,0.5305689536400882
6,17,18,0.7959041552109878
6,18,19,0.7826271464488165
6,19,20,0.9331513730216184
7,1,2,0.3478268689764372
7,2,3,0.3519694079470482
7,3,4,0.3020130478361325
7,4,5,0.3302737649968806
7,5,6,0.43232728028236683
7,6,7,0.2877399302872454
7,7,8,0.35037885263782936
7,8,9,0.18429333302274314
7,9,10,0.38350030866967366
7,10,11,0.3067658700976816
7,11,12,0.6432050856225175
7,12,13,0.5352237332548638
7,13,14,0.6301235247077747
7,14,15,0.6289898935754673
7,15,16,0.5503074548000307
7,16,17,0.6923634280439273
7,17,18,0.6018532627882898
7,18,19,0.7509986287592253
7,19,20,0.7409297009447345
7,20,21,0.5858516682381505
7,21,22,0.806925221396608
7,22,23,0.693196555118895
7,23,24,0.6411967843065418
7,24,25,0.7274760807466552
7,25,26,0.9119859288425011
8,1,2,0.028480305540386892
8,2,3,0.09165869314833582
8,3,4,0.0009540125552929147
8,4,5,0.027992640307810603
8,5,6,0.00345692838033766
8,6,7,0.2973785861244728
8,7,8,0.13916460958087679
8,8,9,0.28231269366404993
8,9,10,0.40537696164720355
8,10,11,0.21718437313073424
8,11,12,0.4869096229650757
8,12,13,0.40089668870678224
8,13,14,0.542781462677935
8,14,15,0.5303527889677623
8,15,16,0.36548040445083874
8,16,17,0.5776191224886192
8,17,18,0.5832554853406157
8,18,19,0.48982951843619643
8,19,20,0.45324943764534587
8,20,21,0.39252382531656016
8,21,22,0.5129088358906451
8,22,23,0.4737135493575358
8,23,24,0.5098559749355478
8,24,25,0.42830571909867005
8,25,26,0.4051768039722448
8,26,27,0.49248745914532327
8,27,28,0.44604643615175715
8,28,29,0.5806880468287205
8,29,30,0.6622916738704537
8,30,31,0.6771279324084085
8,31,32,0.6878122062284291
8,32,33,0.5850990996675683
8,33,34,0.7627396377330271
8,34,35,0.6975866814340788
8,35,36,0.6289866408478647
8,36,37,0.6486965355038682
8,37,38,0.7067666578446995
8,38,39,0.7690772017334128
8,39,40,0.6770642485399897
8,40,41,0.7645400039454147
8,41,42,0.7750618770802364
8,42,43,0.7133273759973925
8,43,44,0.664432449633764
8,44,45,0.7602155244928707
8,45,46,0.7544180123785298
8,46,47,0.7391558433288135
8,47,48,0.7907977635627905
8,48,49,0.7285082960870745
8,49,50,0.8219010658221064
8,50,51,0.8080101491474705
8,51,52,0.7487726256233188
8,52,53,0.8578956535447618
8,53,54,0.8289716339461954
8,54,55,0.8270641359525603
8,55,56,0.8714609013766337
8,56,57,0.8347186737996386
8,57,58,0.8443961748373389
8,58,59,0.8337684776476162
8,59,60,0.884788440374605
8,60,61,0.8841391112662483
8,61,62,0.8608070605662518
8,62,63,0.854582498637442
8,63,64,0.8824753844337586
8,64,65,0.8940670629420031
8,65,66,0.9187591170815007
9,1,2,0.30983302956449627
9,2,3,0.284487533621443
9,3,4,0.1952713158217146
9,4,5,0.14853786925208398
9,5,6,0.2788740362331745
9,6,7,0.2744816927130833
9,7,8,0.14433001562554215
9,8,9,0.07872814986095658
9,9,10,0.2161557168790855
9,10,11,0.22109019946593736
9,11,12,0.13192024563813887
9,12,13,0.24079359810067177
9,13,14,0.24546591874250145
9,14,15,0.22417040453538495
9,15,16,0.5026473308232052
9,16,17,0.33687467802997345
9,17,18,0.3669294143740338
9,18,19,0.4953645488275628
9,19,20,0.43657551633970326
9,20,21,0.4168677972797877
9,21,22,0.34991091847588796
9,22,23,0.402853509070781
9,23,24,0.5436466689178673
9,24,25,0.3113887944751926
9,25,26,0.5631701674925665
9,26,27,0.5919482519483288
9,27,28,0.6514340063264967
9,28,29,0.6831128298675092
9,29,30,0.6235540488741931
9,30,31,0.5062482697989741
9,31,32,0.5940146855034266
9,32,33,0.6360571860812457
9,33,34,0.5881675608235348
9,34,35,0.7024722420297481
9,35,36,0.619470294083292
9,36,37,0.6578813631083027
9,37,38,0.6855791884924319
9,38,39,0.6296528562560012
9,39,40,0.6270370364705724
9,40,41,0.6595202346768775
9,41,42,0.7379261404787159
9,42,43,0.7049091847877231
9,43,44,0.6599905614671754
9,44,45,0.6770204472135335
9,45,46,0.7159268294780836
9,46,47,0.7049586889129095
9,47,48,0.7145102223104525
9,48,49,0.7336903818365054
9,49,50,0.7036956075586657
9,50,51,0.7435157759151363
9,51,52,0.7627286451029684
9,52,53,0.7640028630329222
9,53,54,0.7171255841515609
9,54,55,0.7566289644369131
9,55,56,0.723154820816503
9,56,57,0.7717668421705798
9,57,58,0.736295511474842
9,58,59,0.7457284391456156
9,59,60,0.7556953096981772
9,60,61,0.7645912865989812
9,61,62,0.7543687571825666
9,62,63,0.764366655686726
9,63,64,0.7880285350783239
9,64,65,0.746668770988492
9,65,66,0.7333800165302728
9,66,67,0.835181349084072
9,67,68,0.8262624272882908
9,68,69,0.8613427550626247
9,69,70,0.8116114277562525
9,70,71,0.8633436696348421
9,71,72,0.8198826184358393
9,72,73,0.8467484991426686
9,73,74,0.8259000952646496
9,74,75,0.8279238807690963
9,75,76,0.8588520427649569
9,76,77,0.8693765500408479
9,77,78,0.824564698055038
9,78,79,0.866569873345606
9,79,80,0.8389512752604301
9,80,81,0.8473595275395648
9,81,82,0.872301380248167
9,82,83,0.9155208683643855
10,1,2,0.34987040396292163
10,2,3,0.24452257404562847
10,3,4,0.3242709945051263
10,4,5,0.11306008465988149
10,5,6,0.29462811879046863
10,6,7,0.15789943709584323
10,7,8,0.30322367723151794
10,8,9,0.14083193085690893
10,9,10,0.07809109286946417
10,10,11,0.3143820958172453
10,11,12,0.16563545498025134
10,12,13,0.11790122942834987
10,13,14,0.18993807985764602
10,14,15,0.28599969417773824
10,15,16,0.2561291168859157
10,16,17,0.25942025518838685
10,17,18,0.3543866375580739
10,18,19,0.33623185407471107
10,19,20,0.32578417897323103
10,20,21,0.3835632249443131
10,21,22,0.2564072527463592
10,22,23,0.28866006231879693
10,23,24,0.2541158017793135
10,24,25,0.2983886320646896
10,25,26,0.28585641621761426
10,26,27,0.40891183505602324
10,27,28,0.3196034100938572
10,28,29,0.34735406601528585
10,29,30,0.35052505779502513
10,30,31,0.3145859689938132
10,31,32,0.3802650764383986
10,32,33,0.3622111349850981
10,33,34,0.4160649577383473
10,34,35,0.2659984382397517
10,35,36,0.3424322992963374
10,36,37,0.43951242729406725
10,37,38,0.43660353544426284
10,38,39,0.49026986206916595
10,39,40,0.46360345348272997
10,40,41,0.41429177411812984
10,41,42,0.6226397016038142
10,42,43,0.45860638950115445
10,43,44,0.5295545874275712
10,44,45,0.49863097097467196
10,45,46,0.4334805529835091
10,46,47,0.4411124952819298
10,47,48,0.5412743229211149
10,48,49,0.555304486446539
10,49,50,0.3752166979217726
10,50,51,0.46270358473271067
10,51,52,0.5163188717053079
10,52,53,0.5123064152225464
10,53,54,0.5109186466753582
10,54,55,0.4769548891995032
10,55,56,0.48498382635124454
10,56,57,0.49831496475016723
10,57,58,0.5627488139004176
10,58,59,0.5340767730828921
10,59,60,0.5196721917042338
10,60,61,0.4491777713104349
10,61,62,0.449194137569897
10,62,63,0.5902918776302093
10,63,64,0.5192639707031426
10,64,65,0.46630865142323846
10,65,66,0.4679179807387363
10,66,67,0.4033131655204083
10,67,68,0.6628186999595724
10,68,69,0.7124808927285026
10,69,70,0.6442094097986311
10,70,71,0.6714236597355594
10,71,72,0.6233685039356422
10,72,73,0.5166472617235393
10,73,74,0.5862638302073715
10,74,75,0.727434777785102
10,75,76,0.7330254192925539
10,76,77,0.7229896563417629
10,77,78,0.6812173681009464
10,78,79,0.7013794396857519
10,79,80,0.7022599225300167
10,80,81,0.7114293690407958
10,81,82,0.7368585342619133
10,82,83,0.7369542391574003
10,83,84,0.7057605396203491
10,84,85,0.7482279868796454
10,85,86,0.7257871841816367
10,86,87,0.7357598516022821
10,87,88,0.7273435829566702
10,88,89,0.6920270150608517
10,89,90,0.7509268860085418
10,90,91,0.7782000849550759
10,91,92,0.7395758405803757
10,92,93,0.7312265247307803
10,93,94,0.7641128529363657
10,94,95,0.7818567635399885
10,95,96,0.7911472826487199
10,96,97,0.743402035885935
10,97,98,0.7751988495834099
10,98,99,0.7699285463032494
10,99,100,0.7475539070343099
10,100,101,0.7726899629033329
10,101,102,0.7499823887817462
10,102,103,0.7860420042163888
10,103,104,0.7751996566857157
10,104,105,0.7764321040748432
10,105,106,0.8267848015854194
10,106,107,0.7892380557606917
10,107,108,0.7853552582641861
10,108,109,0.830026368268275
10,109,110,0.805659160310119
10,110,111,0.7868709986467824
10,111,112,0.8014297493865352
10,112,113,0.7873067088240381
10,113,114,0.8360833754774997
10,114,115,0.836289688278264
10,115,116,0.7572409490939471
10,116,117,0.8276529839477701
10,117,118,0.8558733473435367
10,118,119,0.8341183723994463
10,119,120,0.7637001603738568
10,120,121,0.8169908692315981
10,121,122,0.8485794555163115
10,122,123,0.8542719169625669
10,123,124,0.8824539721151783
10,124,125,0.820815520505271
10,125,126,0.8042897565661472
10,126,127,0.8553994589050705
10,127,128,0.87817156581878
10,128,129,0.8812264752516209
10,129,130,0.825125680623712
10,130,131,0.8517621154005276
10,131,132,0.873684318468
10,132,133,0.860479823288394
10,133,134,0.8724769229290886
10,134,135,0.8851657128925401
10,135,136,0.8719106441709271
10,136,137,0.8707750177025554
10,137,138,0.8656342783783082
10,138,139,0.870792926799039
10,139,140,0.8773678846919364
10,140,141,0.8727198546190531
10,141,142,0.8670739289879578
10,142,143,0.8694735352952824
10,143,144,0.8696934772934449
10,144,145,0.8750885158292689
10,145,146,0.8629284538577433
10,146,147,0.8641502594604641
10,147,148,0.8796547224990953
10,148,149,0.8599824698089502
10,149,150,0.8562242457469266
10,150,151,0.8894872424839398
10,151,152,0.8847864429551582
10,152,153,0.8840904018596575
10,153,154,0.8690035839485868
10,154,155,0.8869113107957143
10,155,156,0.9000944035378865
11,1,2,0.14444602002730514
11,2,3,0.12222988296155475
11,3,4,0.13809277513234858
11,4,5,0.08304191713082801
11,5,6,0.20541384446850025
11,6,7,0.1759884697971292
11,7,8,0.04771128156695372
11,8,9,0.4223868471084058
11,9,10,0.129951245393146
11,10,11,0.14245949604323632
11,11,12,0.15789967528908605
11,12,13,0.32126391309142316
11,13,14,0.1729584541302781
11,14,15,0.10798417102207296
11,15,16,0.06927125714280473
11,16,17,0.32171775668547997
11,17,18,0.26591450697660246
11,18,19,0.18043663612838845
11,19,20,0.37866450507351723
11,20,21,0.18396514851267823
11,21,22,0.3384293640499955
11,22,23,0.2937646989185518
11,23,24,0.36579509879997624
11,24,25,0.3371137121892805
11,25,26,0.3397054061498278
11,26,27,0.3338241067317155
11,27,28,0.4122401420201501
11,28,29,0.20195944023403037
11,29,30,0.23850226181300602
11,30,31,0.3304226188387568
11,31,32,0.251947918370439
11,32,33,0.2556758756139865
11,33,34,0.3450183024855294
11,34,35,0.46214807265631325
11,35,36,0.3984395198907712
11,36,37,0.537704734982718
11,37,38,0.40865412628050574
11,38,39,0.3431395618330405
11,39,40,0.3268092255610825
11,40,41,0.5073267148839877
11,41,42,0.42320154598502296
11,42,43,0.5748597799928407
11,43,44,0.40492635035670943
11,44,45,0.4861276827436568
11,45,46,0.39966594921969484
11,46,47,0.4038145896787858
11,47,48,0.5349887552326104
11,48,49,0.46728354301070624
11,49,50,0.5128778526420933
11,50,51,0.5803936994077945
11,51,52,0.484369736663435
11,52,53,0.5287326695886446
11,53,54,0.4773262882071015
11,54,55,0.47790364650224443
11,55,56,0.4749309572558608
11,56,57,0.44967505908847333
11,57,58,0.5541276826538106
11,58,59,0.44031683375143776
11,59,60,0.5639273279061547
11,60,61,0.5037301347052598
11,61,62,0.547436351798162
11,62,63,0.46454177875777314
11,63,64,0.5723452032463903
11,64,65,0.5545881354244553
11,65,66,0.5629886833790391
11,66,67,0.5323975924203805
11,67,68,0.5845871991116169
11,68,69,0.5515613746823782
11,69,70,0.5300086191307245
11,70,71,0.4941448419184026
11,71,72,0.6093027283283764
11,72,73,0.577428507376517
11,73,74,0.53295922286632
11,74,75,0.6326326972526242
11,75,76,0.5446495874716559
11,76,77,0.5777542059596638
11,77,78,0.6784418038230022
11,78,79,0.5674566919802765
11,79,80,0.5392842003038648
11,80,81,0.6067470262054108
11,81,82,0.6575842694094157
11,82,83,0.6300356754609479
11,83,84,0.6057519660729094
11,84,85,0.6350500490281334
11,85,86,0.5998864014523858
11,86,87,0.6502701752025706
11,87,88,0.6563364235360766
11,88,89,0.5462557368805948
11,89,90,0.6282054335014284
11,90,91,0.6630977537319751
11,91,92,0.6620434620550875
11,92,93,0.5784718437775608
11,93,94,0.6293120060214398
11,94,95,0.694823748622644
11,95,96,0.6260598705516052
11,96,97,0.6303637339703507
11,97,98,0.6714436289358503
11,98,99,0.6515041831597068
11,99,100,0.6663277294602209
11,100,101,0.6676240585360164
11,101,102,0.6536869879328986
11,102,103,0.6162953942879671
11,103,104,0.6589867852817777
11,104,105,0.693467898454303
11,105,106,0.6147921579974535
11,106,107,0.700572592848807
11,107,108,0.7081209428747904
11,108,109,0.6200193127309703
11,109,110,0.6527194091945155
11,110,111,0.7304206014770154
11,111,112,0.698704890246748
11,112,113,0.6073937202275884
11,113,114,0.6448954417374636
11,114,115,0.7422757650584827
11,115,116,0.7463874131563684
11,116,117,0.7355535671845246
11,117,118,0.6191277985177515
11,118,119,0.6966384678869612
11,119,120,0.8036305368015951
11,120,121,0.7584634754950268
11,121,122,0.6739675626234319
11,122,123,0.807146802680172
11,123,124,0.752474057301576
11,124,125,0.6884475867820214
11,125,126,0.7834775044486973
11,126,127,0.7556989819246455
11,127,128,0.7579549548142304
11,128,129,0.756598851467965
11,129,130,0.7176370598236728
11,130,131,0.7683613383735014
11,131,132,0.7472703062266458
11,132,133,0.744061395739044
11,133,134,0.7814277707098513
11,134,135,0.7907006036336721
11,135,136,0.7256519729262063
11,136,137,0.7991575901440223
11,137,138,0.7722077248378862
11,138,139,0.7812597979123971
11,139,140,0.750016815126336
11,140,141,0.7840502006656932
11,141,142,0.8033306951447271
11,142,143,0.7385139158814784
11,143,144,0.8162279694785353
11,144,145,0.7772350375583014
11,145,146,0.7822472048552315
11,146,147,0.7789759607511269
11,147,148,0.7716119759196466
11,148,149,0.7811830016339181
11,149,150,0.7786490932878953
11,150,151,0.7771090298196619
11,151,152,0.7692932232396081
11,152,153,0.8594344200749195
11,153,154,0.7899819900327083
11,154,155,0.7377941402203986
11,155,156,0.8368154538722131
11,156,157,0.8590619687573595
11,157,158,0.7486447460703406
11,158,159,0.8387247208090078
11,159,160,0.8681142707073842
11,160,161,0.8515141631515775
11,161,162,0.799207524150364
11,162,163,0.7833133390116538
11,163,164,0.8413139822809025
11,164,165,0.8598774270800187
11,165,166,0.774045799796019
11,166,167,0.8530860164480951
11,167,168,0.8551810264012042
11,168,169,0.8696414262184545
11,169,170,0.8070680913562687
11,170,171,0.8548171562020439
11,171,172,0.8803122929224789
11,172,173,0.8558165341596904
11,173,174,0.8046560100408422
11,174,175,0.881187641900864
11,175,176,0.8741239566010677
11,176,177,0.8195045915604559
11,177,178,0.877617310198248
11,178,179,0.8845139652994112
11,179,180,0.9005449502968673
