qubits,M,tau,num_iters,num_states,fidelity
2,5,0.1,1,5,0.9999999999998612
3,5,0.1,1,5,0.9999999999999944
4,5,0.1,1,5,0.28426951490710284
4,5,0.1,2,10,1.0000000002891345
5,5,0.1,1,5,0.29974496075576235
5,5,0.1,2,10,0.9999999609620559
6,5,0.1,1,5,0.3222666750952035
6,5,0.1,2,10,0.046159546319781225
6,5,0.1,3,15,0.2282013063457222
6,5,0.1,4,20,1.0002999337702783
7,5,0.1,1,5,0.0035415113313125076
7,5,0.1,2,10,0.322755652112705
7,5,0.1,3,15,0.27862048476638607
7,5,0.1,4,20,0.35700852181509884
7,5,0.1,5,25,0.9999830647474133
8,5,0.1,1,5,0.05517100069501171
8,5,0.1,2,10,0.019582561495969812
8,5,0.1,3,15,0.036952963363821575
8,5,0.1,4,20,0.19376587323406158
8,5,0.1,5,25,0.1954533782634999
8,5,0.1,6,30,0.23845947750114893
8,5,0.1,7,35,0.06042513668688619
8,5,0.1,8,40,0.04242730907011131
8,5,0.1,9,45,0.3532640675890203
8,5,0.1,10,50,0.41817268016723885
8,5,0.1,11,55,0.810377539726322
8,5,0.1,12,60,0.9999999994358733
9,5,0.1,1,5,0.07697176159998835
9,5,0.1,2,10,0.2025967632199137
9,5,0.1,3,15,0.0056617596264811046
9,5,0.1,4,20,0.0298945737778564
9,5,0.1,5,25,0.154840006234112
9,5,0.1,6,30,0.10740659909346106
9,5,0.1,7,35,0.2049837464015787
9,5,0.1,8,40,0.1531044233643702
9,5,0.1,9,45,0.17316722914676036
9,5,0.1,10,50,0.14087948381756277
9,5,0.1,11,55,0.22726754499146726
9,5,0.1,12,60,0.3186268259243515
9,5,0.1,13,65,0.49672166631280196
9,5,0.1,14,70,0.5225640141979104
9,5,0.1,15,75,0.555026364864251
9,5,0.1,16,80,0.5990425878052076
9,5,0.1,17,85,0.9999990989799554
10,5,0.1,1,5,0.07623323431843577
10,5,0.1,2,10,0.06438981081247895
10,5,0.1,3,15,0.026626475358651175
10,5,0.1,4,20,0.003318824383570807
10,5,0.1,5,25,0.041308872198259565
10,5,0.1,6,30,0.0052775583861614924
10,5,0.1,7,35,0.17834019744253665
10,5,0.1,8,40,0.09384897155209197
10,5,0.1,9,45,0.07842341942185162
10,5,0.1,10,50,0.17918607019936364
10,5,0.1,11,55,0.016086896779555913
10,5,0.1,12,60,0.033791696855311026
10,5,0.1,13,65,0.07897449784651314
10,5,0.1,14,70,0.137153430850882
10,5,0.1,15,75,0.1781856029358254
10,5,0.1,16,80,0.17350407803370627
10,5,0.1,17,85,0.28715434050235245
10,5,0.1,18,90,0.22572256722574538
10,5,0.1,19,95,0.17035252504359344
10,5,0.1,20,100,0.29315693766219403
10,5,0.1,21,105,0.3461997757826172
10,5,0.1,22,110,0.27811152450724497
10,5,0.1,23,115,0.30658051745251447
10,5,0.1,24,120,0.38238116927520127
10,5,0.1,25,125,0.32490758770959877
10,5,0.1,26,130,0.3020556118156157
10,5,0.1,27,135,0.3172800998344291
10,5,0.1,28,140,0.3963739545022016
10,5,0.1,29,145,0.43226088887854425
10,5,0.1,30,150,0.5501673904628829
10,5,0.1,31,155,0.612428936380504
10,5,0.1,32,160,0.5886824003640446
10,5,0.1,33,165,0.6455277517713787
10,5,0.1,34,170,0.7364353308188408
10,5,0.1,35,175,0.8585265909097001
10,5,0.1,36,180,0.9999997949751117
11,5,0.1,1,5,0.0367050029473517
11,5,0.1,2,10,0.283711634715607
11,5,0.1,3,15,0.36989958517293287
11,5,0.1,4,20,0.021095672532024698
11,5,0.1,5,25,0.018427481246753228
11,5,0.1,6,30,0.045027204799845955
11,5,0.1,7,35,0.0546965565578457
11,5,0.1,8,40,0.07084445787991919
11,5,0.1,9,45,0.16383666470616368
11,5,0.1,10,50,0.1417944408704951
11,5,0.1,11,55,0.008074623073642326
11,5,0.1,12,60,0.10673569100863672
11,5,0.1,13,65,0.12059261931023357
11,5,0.1,14,70,0.12664966832676924
11,5,0.1,15,75,0.04414465728870573
11,5,0.1,16,80,0.10507676486865151
11,5,0.1,17,85,0.17108308410596093
11,5,0.1,18,90,0.16045079095100404
11,5,0.1,19,95,0.17681868489541627
11,5,0.1,20,100,0.1983310691271037
11,5,0.1,21,105,0.09009672955709412
11,5,0.1,22,110,0.2192659923932783
11,5,0.1,23,115,0.2870805170891661
11,5,0.1,24,120,0.3118584630557535
11,5,0.1,25,125,0.34580531617555577
11,5,0.1,26,130,0.34762383223514903
11,5,0.1,27,135,0.38710363035961437
11,5,0.1,28,140,0.3186186864445941
11,5,0.1,29,145,0.3129628780603815
11,5,0.1,30,150,0.3405236643089506
11,5,0.1,31,155,0.41692790450366285
11,5,0.1,32,160,0.3293832152278331
11,5,0.1,33,165,0.42036196595379777
11,5,0.1,34,170,0.3860037369582011
11,5,0.1,35,175,0.36440645119342036
11,5,0.1,36,180,0.36952333197872345
11,5,0.1,37,185,0.35346122021193455
11,5,0.1,38,190,0.3563588289735884
11,5,0.1,39,195,0.3642889216588349
11,5,0.1,40,200,0.4086526256043179
11,5,0.1,41,205,0.41309491986024605
11,5,0.1,42,210,0.4378890716369789
11,5,0.1,43,215,0.45908527384967346
11,5,0.1,44,220,0.5045468932387349
11,5,0.1,45,225,0.5819319136556503
11,5,0.1,46,230,0.5906373580999561
11,5,0.1,47,235,0.6247596128075937
11,5,0.1,48,240,0.6323303267011005
11,5,0.1,49,245,0.6561602387030563
11,5,0.1,50,250,0.6526386754612362
11,5,0.1,51,255,0.6993264404239304
11,5,0.1,52,260,0.7295176738328565
11,5,0.1,53,265,0.7702128613972923
11,5,0.1,54,270,0.8166895455090606
11,5,0.1,55,275,0.8457623604037966
11,5,0.1,56,280,0.8761739580958328
11,5,0.1,57,285,0.9002472078022828
