qubits,num_iters,num_states,fidelity
2,1,2,0.9999999999999836
3,1,2,0.9999999999999898
4,1,2,0.4495116860272661
4,2,3,0.18903994217146175
4,3,4,0.8031802730958794
4,4,5,1.0000000000000115
5,1,2,0.37475495688166205
5,2,3,0.07963095854533359
5,3,4,0.7837755098091794
5,4,5,0.7662362991817907
5,5,6,1.0000000000000817
6,1,2,0.3343831411921785
6,2,3,0.048647749570153054
6,3,4,0.2120497506056135
6,4,5,0.19328021257262745
6,5,6,0.25790468940199496
6,6,7,0.7203500394312885
6,7,8,0.21373685423143254
6,8,9,0.1676697968684808
6,9,10,0.7669169401694533
6,10,11,0.703362381828088
6,11,12,0.8587115033525154
6,12,13,0.9986754788082615
7,1,2,0.14107808771140248
7,2,3,0.045337598539015526
7,3,4,0.25855986815428944
7,4,5,0.13889577584338275
7,5,6,0.5816516858215378
7,6,7,0.5234812444775985
7,7,8,0.4177836571330124
7,8,9,0.5080031468518696
7,9,10,0.3056468730476355
7,10,11,0.5090273779381401
7,11,12,0.36876000691834837
7,12,13,0.3889596061018186
7,13,14,0.8908636340864153
7,14,15,0.8715536077437966
7,15,16,0.9998579539258006
8,1,2,0.032621835770258
8,2,3,0.04929436540355512
8,3,4,0.025633312438829395
8,4,5,0.07509857814225246
8,5,6,0.004723022027338756
8,6,7,0.10847649716684901
8,7,8,0.035162951880022976
8,8,9,0.34630939975934455
8,9,10,0.45908168668833854
8,10,11,0.2109633717522985
8,11,12,0.034951113550164475
8,12,13,0.25818259143781297
8,13,14,0.4151533915191336
8,14,15,0.4734993586158267
8,15,16,0.45989643161021593
8,16,17,0.4177728352104136
8,17,18,0.475734765479255
8,18,19,0.487517421022587
8,19,20,0.5063292738788425
8,20,21,0.8149271857945463
8,21,22,0.33855744024289597
8,22,23,0.7500623384360623
8,23,24,0.7143560262375256
8,24,25,0.7555549858816772
8,25,26,0.7639249465970915
8,26,27,0.8691758452547553
8,27,28,0.963317776350763
9,1,2,0.03843522963132764
9,2,3,0.0914692146089766
9,3,4,0.01915784295922647
9,4,5,0.18156724919401276
9,5,6,0.024816895044722696
9,6,7,0.10040244499205088
9,7,8,0.1540065513885696
9,8,9,0.20671221432199882
9,9,10,0.09266255701552283
9,10,11,0.13548458822757153
9,11,12,0.30524680359004785
9,12,13,0.29038137385335133
9,13,14,0.27217583592472533
9,14,15,0.14971546383532977
9,15,16,0.3273415361576695
9,16,17,0.35145438828543896
9,17,18,0.030679410355677714
9,18,19,0.3072600852445751
9,19,20,0.6007177110692716
9,20,21,0.5841729133329114
9,21,22,0.594013786834325
9,22,23,0.7295437708019435
9,23,24,0.4277109073502131
9,24,25,0.7074631991055741
9,25,26,0.5255755707995273
9,26,27,0.7317658683979051
9,27,28,0.5145843356394783
9,28,29,0.6956238466948812
9,29,30,0.5849347467545367
9,30,31,0.7191349894342527
9,31,32,0.6698507403063804
9,32,33,0.8347658894064381
9,33,34,0.6803512108090154
9,34,35,0.8930589970242102
9,35,36,0.695496244555966
9,36,37,0.9161373817837298
10,1,2,0.05112374467376678
10,2,3,0.03477433859979707
10,3,4,0.09066611016272581
10,4,5,0.1504367262940371
10,5,6,0.031088110142010277
10,6,7,0.00672774512549319
10,7,8,0.13388630085937817
10,8,9,0.07419207729177572
10,9,10,0.0758778498964249
10,10,11,0.06414729156171498
10,11,12,0.011730040046713113
10,12,13,0.25401898651126736
10,13,14,0.1576053330200404
10,14,15,0.0034805655035557172
10,15,16,0.007389921305701276
10,16,17,0.19422702028928635
10,17,18,0.12343135592127503
10,18,19,0.20613479942938823
10,19,20,0.31061446124932995
10,20,21,0.07231028414344554
10,21,22,0.1434179920945409
10,22,23,0.3651298506945239
10,23,24,0.2142184209072592
10,24,25,0.23086309067023503
10,25,26,0.20199255529265003
10,26,27,0.16888635892005793
10,27,28,0.47659887910487714
10,28,29,0.2900127753918855
10,29,30,0.2809567011094411
10,30,31,0.32644236651755765
10,31,32,0.43889875125812033
10,32,33,0.26128702259962044
10,33,34,0.45192221921883485
10,34,35,0.40851146501055163
10,35,36,0.22833434484982712
10,36,37,0.46037454293845215
10,37,38,0.36604541168100296
10,38,39,0.30885616814485073
10,39,40,0.5814807185373111
10,40,41,0.5619779447039716
10,41,42,0.4594187707857587
10,42,43,0.4695128428022398
10,43,44,0.5644719276755077
10,44,45,0.3705315779605758
10,45,46,0.556787313623442
10,46,47,0.5124705151486366
10,47,48,0.5535302125867974
10,48,49,0.43502413533088446
10,49,50,0.6135619253921787
10,50,51,0.5494601254776476
10,51,52,0.46816807799057225
10,52,53,0.5531566323239093
10,53,54,0.6764327518000574
10,54,55,0.5592660599439346
10,55,56,0.6888697621376105
10,56,57,0.611198696799745
10,57,58,0.604733627542177
10,58,59,0.6262812087560041
10,59,60,0.7878205824526755
10,60,61,0.7855437076686054
10,61,62,0.826918342104716
10,62,63,0.7776764197486296
10,63,64,0.7866370800720143
10,64,65,0.7876349006292452
10,65,66,0.7836035002106455
10,66,67,0.8467829360400967
10,67,68,0.7416598713546472
10,68,69,0.8473415479517398
10,69,70,0.8101488023379598
10,70,71,0.8911367976028847
10,71,72,0.894629072767062
10,72,73,0.8267384759933445
10,73,74,0.8965830373927823
10,74,75,0.8394751191648024
10,75,76,0.9203662079311589
11,1,2,0.0439547871116744
11,2,3,0.022173354875110827
11,3,4,0.0030485383822741133
11,4,5,0.09173689653121572
11,5,6,0.20760063074368684
11,6,7,0.00013160471943151518
11,7,8,0.14506666774883573
11,8,9,0.05534068164280923
11,9,10,0.19780434968469518
11,10,11,0.011642882827630246
11,11,12,0.32171663885161805
11,12,13,0.04937940312472099
11,13,14,0.0013265321240668912
11,14,15,0.1879563521390797
11,15,16,0.1957875179981628
11,16,17,0.011786509461781385
11,17,18,0.10925617612067202
11,18,19,0.058614864518116434
11,19,20,0.11654198275423207
11,20,21,0.3127308135436893
11,21,22,0.1969561580365561
11,22,23,0.2330834819678689
11,23,24,0.10856697723874983
11,24,25,0.1051790965387762
11,25,26,0.2534661818664144
11,26,27,0.31648496985578145
11,27,28,0.3285998159834288
11,28,29,0.27412110425540615
11,29,30,0.3340009235363714
11,30,31,0.22436467080376085
11,31,32,0.19652283470066867
11,32,33,0.4598224907072821
11,33,34,0.346776599437473
11,34,35,0.36030296052623895
11,35,36,0.3607451018486004
11,36,37,0.2671661244653397
11,37,38,0.47843240847045915
11,38,39,0.3952575261579028
11,39,40,0.3267485165848429
11,40,41,0.417249585856827
11,41,42,0.3635560195685933
11,42,43,0.40450118960545045
11,43,44,0.3960805175159364
11,44,45,0.4585242546274919
11,45,46,0.3682893644923306
11,46,47,0.30653886288154575
11,47,48,0.4980229673549964
11,48,49,0.5522485831867132
11,49,50,0.44317036997204573
11,50,51,0.5157553366205188
11,51,52,0.42098584805403544
11,52,53,0.5911337216356645
11,53,54,0.47327045139232526
11,54,55,0.5239559622261857
11,55,56,0.677910246700901
11,56,57,0.6318729053411627
11,57,58,0.7035444799629406
11,58,59,0.5701818300746646
11,59,60,0.6687582450047473
11,60,61,0.6389212790890701
11,61,62,0.6556000292011505
11,62,63,0.6122710269231822
11,63,64,0.6403678239300173
11,64,65,0.6553287655587704
11,65,66,0.6711199371769028
11,66,67,0.6113332176921262
11,67,68,0.7897690471834541
11,68,69,0.7762303062458915
11,69,70,0.5733052167378462
11,70,71,0.8030759780634773
11,71,72,0.7428506821001596
11,72,73,0.6997833183685219
11,73,74,0.8463472931213157
11,74,75,0.7258607169783746
11,75,76,0.8465997977973356
11,76,77,0.8124209511214299
11,77,78,0.7595623708160685
11,78,79,0.7833019084511046
11,79,80,0.8650285976150096
11,80,81,0.7951863415862876
11,81,82,0.8499856980215919
11,82,83,0.7882522435255719
11,83,84,0.8508914582894367
11,84,85,0.8041627496866742
11,85,86,0.8324179946497173
11,86,87,0.8554710567693224
11,87,88,0.8713063323998896
11,88,89,0.8244072954534997
11,89,90,0.8885943322549793
11,90,91,0.820956678533034
11,91,92,0.8842086632845978
11,92,93,0.8653293383273079
11,93,94,0.8711172407463749
11,94,95,0.887844998266338
11,95,96,0.8739692640604881
11,96,97,0.9140530911340701
12,1,2,0.03778510822738805
12,2,3,0.05198130106260282
12,3,4,0.0037956852759322146
12,4,5,0.008092068774487328
12,5,6,0.022492157206775467
12,6,7,0.01842089322647004
12,7,8,0.027035148740990143
12,8,9,0.009246191435471443
12,9,10,0.13590415376185316
12,10,11,0.02431496460611424
12,11,12,0.010285912190144044
12,12,13,0.14692908032633495
12,13,14,0.04805908681221032
12,14,15,0.04212413335603087
12,15,16,0.08805179184533785
12,16,17,0.12139934590031828
12,17,18,0.020354625776786005
12,18,19,0.06783109389945884
12,19,20,0.04330351496025678
12,20,21,0.07829862795656127
12,21,22,0.06552977999869188
12,22,23,0.23314544414317515
12,23,24,0.16433649428269512
12,24,25,0.12147688248885177
12,25,26,0.05057063367693007
12,26,27,0.051094152852193965
12,27,28,0.21202233098424766
12,28,29,0.08497650802354156
12,29,30,0.08952938378088479
12,30,31,0.13505308867499993
12,31,32,0.07338875701777084
12,32,33,0.09990050733416225
12,33,34,0.18760645242257237
12,34,35,0.20716004635596053
12,35,36,0.12408640372161925
12,36,37,0.07592308420480018
12,37,38,0.22677070399111293
12,38,39,0.14651935597472004
12,39,40,0.21193002565179658
12,40,41,0.15641862584599003
12,41,42,0.1426985756415165
12,42,43,0.1834468347194951
12,43,44,0.1488690535338398
12,44,45,0.20222505872222843
12,45,46,0.24769202433063298
12,46,47,0.1358075520265044
12,47,48,0.11171861630706709
12,48,49,0.20763966792155955
12,49,50,0.3333775044293416
12,50,51,0.4504485212172702
12,51,52,0.3956367038415204
12,52,53,0.1897496165765113
12,53,54,0.42793111164497494
12,54,55,0.34556785495038833
12,55,56,0.46062409101474766
12,56,57,0.2955720229237247
12,57,58,0.463781371568413
12,58,59,0.42792349522312395
12,59,60,0.39105622448598043
12,60,61,0.35041220249789756
12,61,62,0.4529976431092362
12,62,63,0.4421810739251705
12,63,64,0.44398606256936113
12,64,65,0.35581682246456814
12,65,66,0.40603027204870645
12,66,67,0.5309894297479738
12,67,68,0.36249487635275457
12,68,69,0.5470938413622701
12,69,70,0.34936657385612185
12,70,71,0.5051559140852853
12,71,72,0.4744047487872788
12,72,73,0.426870329506582
12,73,74,0.4468210266698119
12,74,75,0.4448014017424749
12,75,76,0.5591645931098156
12,76,77,0.5626291330792041
12,77,78,0.4455887774668311
12,78,79,0.5400674527763288
12,79,80,0.5080883042582588
12,80,81,0.6068585835727882
12,81,82,0.4850356196643474
12,82,83,0.5845720884593529
12,83,84,0.48447667542060013
12,84,85,0.5544465518973768
12,85,86,0.5857091253450896
12,86,87,0.5556246250881218
12,87,88,0.5613159238392297
12,88,89,0.649754302128295
12,89,90,0.49860105288635365
12,90,91,0.6545542956035596
12,91,92,0.6700310743690594
12,92,93,0.5765208136092365
12,93,94,0.6914650619134454
12,94,95,0.6179387767248689
12,95,96,0.6653485908411939
12,96,97,0.6403065439155758
12,97,98,0.6735410484334388
12,98,99,0.6435196871807755
12,99,100,0.6646649613645397
12,100,101,0.6927503110485147
12,101,102,0.6479217673913795
12,102,103,0.7153962900412326
12,103,104,0.623074880858355
12,104,105,0.7056409952706157
12,105,106,0.7034993486622048
12,106,107,0.6985423441150003
12,107,108,0.7158031394784099
12,108,109,0.6698432277849772
12,109,110,0.7306720052458119
12,110,111,0.7038822985715546
12,111,112,0.7422988448526971
12,112,113,0.7546486607613186
12,113,114,0.7743152234009485
12,114,115,0.7768759836316086
12,115,116,0.7805171244482503
12,116,117,0.7821754817645264
12,117,118,0.7845056687568998
12,118,119,0.7971738448793471
12,119,120,0.8496585345241376
12,120,121,0.8476704097256227
12,121,122,0.8927418579216615
12,122,123,0.9200374805336707
13,1,2,0.08407573326724976
13,2,3,0.012202091484446348
13,3,4,0.0010677609778949899
13,4,5,0.012836772442605936
13,5,6,0.11176916372894165
13,6,7,0.014841299521101603
13,7,8,0.09121135919979621
13,8,9,0.005651464334156339
13,9,10,0.12960092886137065
13,10,11,0.03741757211351564
13,11,12,0.06032750487469441
13,12,13,0.01079942479245969
13,13,14,0.10974609390051794
13,14,15,0.051781079492838514
13,15,16,0.12269753168079886
13,16,17,0.008395784223237071
13,17,18,0.07883733184153402
13,18,19,0.126354020107763
13,19,20,0.030216190363905826
13,20,21,0.05515288344345481
13,21,22,0.028085696219461317
13,22,23,0.013382370956390428
13,23,24,0.06018473086356777
13,24,25,0.21653140504802948
13,25,26,0.09725616337068294
13,26,27,0.1878262557491628
13,27,28,0.21185359336884188
13,28,29,0.054243385206877937
13,29,30,0.06198968911844358
13,30,31,0.2051231083603825
13,31,32,0.1920008962985691
13,32,33,0.10920208395638041
13,33,34,0.20816103992815554
13,34,35,0.19413106678225078
13,35,36,0.19780700027513815
13,36,37,0.21289372343104743
13,37,38,0.1635851280758981
13,38,39,0.11558442257790001
13,39,40,0.2789459638684427
13,40,41,0.18977832485834817
13,41,42,0.09685251464702213
13,42,43,0.20377683994646906
13,43,44,0.22523208919635837
13,44,45,0.1406494545289815
13,45,46,0.24187566622605713
13,46,47,0.19491595201560716
13,47,48,0.11232172982945021
13,48,49,0.23552739990996965
13,49,50,0.2699529444114091
13,50,51,0.12206152527201491
13,51,52,0.28829577108740945
13,52,53,0.2637757607537973
13,53,54,0.1900874142826996
13,54,55,0.2616779963228725
13,55,56,0.25616022890148615
13,56,57,0.23526747159138803
13,57,58,0.18742991354751454
13,58,59,0.3299748638821979
13,59,60,0.27201623303082284
13,60,61,0.1813690176588696
13,61,62,0.257051187272139
13,62,63,0.41301018206798507
13,63,64,0.1772888638412113
13,64,65,0.3917992907355472
13,65,66,0.3460543129680487
13,66,67,0.2765871673035835
13,67,68,0.29667559217318695
13,68,69,0.285670109628945
13,69,70,0.34374829541762725
13,70,71,0.3962031057396219
13,71,72,0.22905076134038185
13,72,73,0.38666641390369616
13,73,74,0.2638784983783229
13,74,75,0.404723591011256
13,75,76,0.3560746303109285
13,76,77,0.3983167984650524
13,77,78,0.33447901969402055
13,78,79,0.41234940561960537
13,79,80,0.3788015982010019
13,80,81,0.3402329104603527
13,81,82,0.4567930672144471
13,82,83,0.386694440434725
13,83,84,0.2955580449494485
13,84,85,0.4597552788105231
13,85,86,0.4691604918438089
13,86,87,0.5644233530722067
13,87,88,0.43461553816786275
13,88,89,0.5237255577564159
13,89,90,0.4822030324172661
13,90,91,0.4037335117989934
13,91,92,0.49095308920684366
13,92,93,0.4943637877986192
13,93,94,0.5532918129045487
13,94,95,0.41824995878442656
13,95,96,0.5388378201340073
13,96,97,0.4634458806335302
13,97,98,0.5700057031267518
13,98,99,0.4305610343004849
13,99,100,0.579743941041866
13,100,101,0.5078883486005576
13,101,102,0.5065058027030223
13,102,103,0.4997359605479878
13,103,104,0.5787065727568531
13,104,105,0.4771520037636244
13,105,106,0.5679511974852336
13,106,107,0.6002816864716842
13,107,108,0.5006130769972104
13,108,109,0.5722639991936898
13,109,110,0.6336643465578171
13,110,111,0.5384573696040823
13,111,112,0.5805618325593361
13,112,113,0.6902010427929892
13,113,114,0.5202864779502608
13,114,115,0.6476197294331286
13,115,116,0.6674843335734931
13,116,117,0.5693554855959638
13,117,118,0.6966050983384492
13,118,119,0.6085247139793475
13,119,120,0.687930992896635
13,120,121,0.6612556487068458
13,121,122,0.6514596991966964
13,122,123,0.7026331267893994
13,123,124,0.6549149871078123
13,124,125,0.7096906362312981
13,125,126,0.6921970308119656
13,126,127,0.7112318246477072
13,127,128,0.7351460041394259
13,128,129,0.719126297489051
13,129,130,0.7652842789232126
13,130,131,0.7283738197067093
13,131,132,0.7805426884032058
13,132,133,0.766976260819246
13,133,134,0.8141957494140525
13,134,135,0.8279792604519748
13,135,136,0.8810614074719384
13,136,137,0.8885716883187053
13,137,138,0.9238457082288626
